Parámetros del entrenamiento:

Numero de puntos de muestreo: 2048
Numero de clases: 3
Batch size: 24
Numero de epochs: 20



Resultados del entrenamiento:

epoch	loss	acc	val_loss	val_acc
0	2.7993969917297363	0.6555555462837219	1.884926676750183	0.9545454382896423
1	1.8277924060821533	0.8740741014480591	1.7544190883636475	0.8484848737716675
2	1.5295711755752563	0.8962963223457336	1.4595519304275513	0.9242424368858337
3	1.6610413789749146	0.8481481671333313	2.3473737239837646	0.8333333134651184
4	1.4488928318023682	0.9333333373069763	1.3322910070419312	0.9545454382896423
5	1.3520601987838745	0.9333333373069763	1.9357273578643799	0.8939393758773804
6	1.292631983757019	0.9481481313705444	1.84142005443573	0.8787878751754761
7	1.3870128393173218	0.9222221970558167	1.7331624031066895	0.8939393758773804
8	1.4209002256393433	0.9037036895751953	1.2644838094711304	0.9696969985961914
9	1.3659946918487549	0.9333333373069763	2.145923614501953	0.7272727489471436
10	1.305906891822815	0.9481481313705444	1.4065626859664917	0.8787878751754761
11	1.2215543985366821	0.9518518447875977	1.4994772672653198	0.9242424368858337
12	1.2263658046722412	0.9740740656852722	1.3720709085464478	0.9090909361839294
13	1.200190544128418	0.9629629850387573	1.250725507736206	0.9696969985961914
14	1.2689924240112305	0.9407407641410828	1.9837146997451782	0.8787878751754761
15	1.2828285694122314	0.9555555582046509	1.797658920288086	0.8939393758773804
16	1.2072675228118896	0.9777777791023254	1.2730064392089844	0.939393937587738
17	1.1763373613357544	0.9814814925193787	1.4802690744400024	0.8636363744735718
18	1.2370555400848389	0.9518518447875977	2.0722179412841797	0.8181818127632141
19	1.161668062210083	0.9814814925193787	1.6307469606399536	0.9242424368858337


Precisión de Test: 92.42424368858337 %

Classification Report

              precision    recall  f1-score   support

       silla       1.00      0.81      0.90        27
        mesa       0.67      1.00      0.80        10
     lampara       1.00      1.00      1.00        29

    accuracy                           0.92        66
   macro avg       0.89      0.94      0.90        66
weighted avg       0.95      0.92      0.93        66


