Parámetros del entrenamiento:

Numero de puntos de muestreo: 2048
Numero de clases: 4
Batch size: 24
Numero de epochs: 20



Resultados del entrenamiento:

epoch	loss	acc	val_loss	val_acc
0	3.1332387924194336	0.5027027130126953	5.787766456604004	0.5555555820465088
1	2.0470848083496094	0.7216216325759888	2.2722480297088623	0.6000000238418579
2	1.8170841932296753	0.7729730010032654	1.684699535369873	0.8111110925674438
3	1.57432222366333	0.862162172794342	1.4621527194976807	0.8999999761581421
4	1.5536739826202393	0.8756756782531738	2.1762781143188477	0.6222222447395325
5	1.4980828762054443	0.8702702522277832	2.7912914752960205	0.7333333492279053
6	1.4999462366104126	0.8756756782531738	2.122019052505493	0.7222222089767456
7	1.5108954906463623	0.8702702522277832	1.7501899003982544	0.6555555462837219
8	1.3467309474945068	0.9324324131011963	1.6397236585617065	0.800000011920929
9	1.395592451095581	0.929729700088501	2.623134136199951	0.6222222447395325
10	1.4955718517303467	0.8945946097373962	2.1837069988250732	0.7222222089767456
11	1.400375247001648	0.9135135412216187	1.549367904663086	0.8333333134651184
12	1.3607070446014404	0.9135135412216187	2.0526490211486816	0.8333333134651184
13	1.4158055782318115	0.9162161946296692	2.241338014602661	0.644444465637207
14	1.4231009483337402	0.9216216206550598	1.5935192108154297	0.8333333134651184
15	1.2710990905761719	0.9486486315727234	1.7277072668075562	0.8222222328186035
16	1.3562556505203247	0.9162161946296692	2.8142662048339844	0.7333333492279053
17	1.4114242792129517	0.9135135412216187	1.9778403043746948	0.8444444537162781
18	1.3965015411376953	0.9270270466804504	1.3963398933410645	0.8888888955116272
19	1.3041691780090332	0.9459459185600281	2.295738458633423	0.7222222089767456


Precisión de Test: 79.22222089767456 %

Classification Report

              precision    recall  f1-score   support

       silla       0.67      0.73      0.67        27
     monitor       0.70      0.67      0.68        24
        mesa       1.00      0.60      0.77        10
     lampara       0.83      1.00      0.91        29

    accuracy                           0.72        90
   macro avg       0.78      0.63      0.64        90
weighted avg       0.74      0.72      0.70        90


