-1.435182243585586548e-01 -3.199725151062011719e-01 -1.390161037445068359e+00
-1.961039900779724121e-01 -3.175532519817352295e-01 -1.354208111763000488e+00
-1.942517459392547607e-01 -3.249539136886596680e-01 -1.385674953460693359e+00
-1.887505054473876953e-01 -3.265476822853088379e-01 -1.392357349395751953e+00
-1.839438527822494507e-01 -3.294985294342041016e-01 -1.404806375503540039e+00
-1.781489104032516479e-01 -3.308307528495788574e-01 -1.410336375236511230e+00
-1.719586253166198730e-01 -3.315022885799407959e-01 -1.413035392761230469e+00
-1.647291928529739380e-01 -3.301444351673126221e-01 -1.407072186470031738e+00
-1.593423485755920410e-01 -3.325197398662567139e-01 -1.417009234428405762e+00
-1.532903760671615601e-01 -3.336516618728637695e-01 -1.421637535095214844e+00
-1.455587446689605713e-01 -3.310650885105133057e-01 -1.410416603088378906e+00
-1.398813277482986450e-01 -3.331271111965179443e-01 -1.418995618820190430e+00
-1.330406367778778076e-01 -3.324857056140899658e-01 -1.416055321693420410e+00
-1.253335028886795044e-01 -3.294997513294219971e-01 -1.403130888938903809e+00
-1.189617738127708435e-01 -3.298896253108978271e-01 -1.404584288597106934e+00
-1.996111422777175903e-01 -3.296208679676055908e-01 -1.378528356552124023e+00
-1.952947974205017090e-01 -3.331557214260101318e-01 -1.393257975578308105e+00
-1.904773712158203125e-01 -3.360482752323150635e-01 -1.405279159545898438e+00
-1.847915053367614746e-01 -3.375592827796936035e-01 -1.411502718925476074e+00
-1.786778718233108521e-01 -3.383710980415344238e-01 -1.414784550666809082e+00
-1.726132333278656006e-01 -3.393411338329315186e-01 -1.418712258338928223e+00
-1.665079891681671143e-01 -3.403049707412719727e-01 -1.422600150108337402e+00
-1.603124737739562988e-01 -3.411562442779541016e-01 -1.426005482673645020e+00
-1.534267961978912354e-01 -3.405488431453704834e-01 -1.423304200172424316e+00
-1.469100713729858398e-01 -3.407426178455352783e-01 -1.423943996429443359e+00
-1.401789486408233643e-01 -3.404339253902435303e-01 -1.422478318214416504e+00
-1.334702521562576294e-01 -3.401519060134887695e-01 -1.421120643615722656e+00
-1.267545968294143677e-01 -3.398219347000122070e-01 -1.419560432434082031e+00
-1.190889105200767517e-01 -3.367691934108734131e-01 -1.406627297401428223e+00
-1.124556660652160645e-01 -3.364513516426086426e-01 -1.405119895935058594e+00
-1.051823645830154419e-01 -3.340615332126617432e-01 -1.394962906837463379e+00
-9.654581546783447266e-02 -3.267445564270019531e-01 -1.364239692687988281e+00
-1.967268735170364380e-01 -3.208844065666198730e-01 -1.316499233245849609e+00
-1.943601220846176147e-01 -3.271701633930206299e-01 -1.342299103736877441e+00
-1.941206753253936768e-01 -3.375709354877471924e-01 -1.384957909584045410e+00
-1.908596009016036987e-01 -3.432487547397613525e-01 -1.408216714859008789e+00
-1.851560324430465698e-01 -3.447803556919097900e-01 -1.414443850517272949e+00
-1.789669990539550781e-01 -3.454872965812683105e-01 -1.417269110679626465e+00
-1.729308515787124634e-01 -3.465544879436492920e-01 -1.421555519104003906e+00
-1.665493249893188477e-01 -3.469866216182708740e-01 -1.423221945762634277e+00
-1.602499634027481079e-01 -3.476326763629913330e-01 -1.425753116607666016e+00
-1.536972224712371826e-01 -3.477610051631927490e-01 -1.426149964332580566e+00
-1.467163562774658203e-01 -3.468886315822601318e-01 -1.422434687614440918e+00
-1.402279734611511230e-01 -3.471533358097076416e-01 -1.423375129699707031e+00
-1.338844299316406250e-01 -3.478204905986785889e-01 -1.425960183143615723e+00
-1.263995319604873657e-01 -3.454377651214599609e-01 -1.416038632392883301e+00
-1.192434579133987427e-01 -3.437417149543762207e-01 -1.408931851387023926e+00
-1.121643036603927612e-01 -3.420835733413696289e-01 -1.401981353759765625e+00
-1.051312386989593506e-01 -3.403705656528472900e-01 -1.394808173179626465e+00
-9.720260649919509888e-02 -3.353431224822998047e-01 -1.374058127403259277e+00
-2.007375210523605347e-01 -3.236155509948730469e-01 -1.302784919738769531e+00
-1.984228044748306274e-01 -3.298041522502899170e-01 -1.327776312828063965e+00
-1.924361586570739746e-01 -3.300903737545013428e-01 -1.328979849815368652e+00
-1.866029202938079834e-01 -3.306673467159271240e-01 -1.331329584121704102e+00
-1.797465085983276367e-01 -3.294086456298828125e-01 -1.326266169548034668e+00
-1.756841987371444702e-01 -3.333626985549926758e-01 -1.342169761657714844e+00
-1.701642423868179321e-01 -3.474936783313751221e-01 -1.398973584175109863e+00
-1.649602353572845459e-01 -3.502101600170135498e-01 -1.409840345382690430e+00
-1.591102480888366699e-01 -3.517227172851562500e-01 -1.415846109390258789e+00
-1.525096446275711060e-01 -3.516347408294677734e-01 -1.415396928787231445e+00
-1.463411003351211548e-01 -3.525798320770263672e-01 -1.419095754623413086e+00
-1.400224715471267700e-01 -3.532352745532989502e-01 -1.421620249748229980e+00
-1.324411332607269287e-01 -3.506126403808593750e-01 -1.410945892333984375e+00
-1.255222409963607788e-01 -3.495623469352722168e-01 -1.406595349311828613e+00
-1.184470430016517639e-01 -3.479377329349517822e-01 -1.399931430816650391e+00
-1.113032847642898560e-01 -3.459116220474243164e-01 -1.391651511192321777e+00
-1.042253598570823669e-01 -3.438532948493957520e-01 -1.383243203163146973e+00
-9.400796145200729370e-02 -3.304880559444427490e-01 -1.329356193542480469e+00
-8.628831058740615845e-02 -3.246436417102813721e-01 -1.305729866027832031e+00
-2.031684964895248413e-01 -3.336457312107086182e-01 -1.318379163742065430e+00
-1.971638798713684082e-01 -3.338261246681213379e-01 -1.319210767745971680e+00
-1.914385408163070679e-01 -3.345060348510742188e-01 -1.321989178657531738e+00
-1.850318312644958496e-01 -3.340009748935699463e-01 -1.320058941841125488e+00
-1.789526939392089844e-01 -3.340728878974914551e-01 -1.320385575294494629e+00
-1.724487990140914917e-01 -3.333288133144378662e-01 -1.317465782165527344e+00
-1.651574969291687012e-01 -3.309523463249206543e-01 -1.308074831962585449e+00
-1.593391448259353638e-01 -3.314587771892547607e-01 -1.310060858726501465e+00
-1.538962423801422119e-01 -3.328172862529754639e-01 -1.315399050712585449e+00
-1.481816321611404419e-01 -3.336760401725769043e-01 -1.318747878074645996e+00
-1.430189609527587891e-01 -3.359050154685974121e-01 -1.327499628067016602e+00
-1.376977562904357910e-01 -3.379453122615814209e-01 -1.335494279861450195e+00
-1.317554414272308350e-01 -3.385815620422363281e-01 -1.337931036949157715e+00
-1.245315894484519958e-01 -3.358246982097625732e-01 -1.326952695846557617e+00
-1.184952780604362488e-01 -3.361502289772033691e-01 -1.328148722648620605e+00
-1.119677051901817322e-01 -3.350414037704467773e-01 -1.323673248291015625e+00
-1.058598533272743225e-01 -3.351327776908874512e-01 -1.323936939239501953e+00
-9.991734474897384644e-02 -3.357910513877868652e-01 -1.326437950134277344e+00
-9.371209889650344849e-02 -3.355947732925415039e-01 -1.325562953948974609e+00
-8.713836222887039185e-02 -3.339587152004241943e-01 -1.319001913070678711e+00
-8.005084097385406494e-02 -3.299578726291656494e-01 -1.303104519844055176e+00
-2.075301706790924072e-01 -3.369167149066925049e-01 -1.306914448738098145e+00
-2.032086551189422607e-01 -3.398240506649017334e-01 -1.318383812904357910e+00
-1.973168104887008667e-01 -3.402042686939239502e-01 -1.320019602775573730e+00
-1.905793547630310059e-01 -3.391041755676269531e-01 -1.315883040428161621e+00
-1.842475086450576782e-01 -3.386768698692321777e-01 -1.314329981803894043e+00
-1.770496517419815063e-01 -3.365741372108459473e-01 -1.306249976158142090e+00
-1.705534011125564575e-01 -3.357034325599670410e-01 -1.302928566932678223e+00
-1.649816036224365234e-01 -3.366552293300628662e-01 -1.306660294532775879e+00
-1.587962657213211060e-01 -3.363798856735229492e-01 -1.305610895156860352e+00
-1.528403162956237793e-01 -3.365879058837890625e-01 -1.306420922279357910e+00
-1.468750983476638794e-01 -3.367918431758880615e-01 -1.307200074195861816e+00
-1.409621387720108032e-01 -3.371382951736450195e-01 -1.308519363403320312e+00
-1.349081099033355713e-01 -3.371633291244506836e-01 -1.308579444885253906e+00
-1.291343271732330322e-01 -3.379240632057189941e-01 -1.311484932899475098e+00
-1.235244274139404297e-01 -3.392100036144256592e-01 -1.316419839859008789e+00
-1.174399554729461670e-01 -3.392586410045623779e-01 -1.316545724868774414e+00
-1.113338842988014221e-01 -3.392467796802520752e-01 -1.316431403160095215e+00
-1.054822206497192383e-01 -3.400537371635437012e-01 -1.319489717483520508e+00
-9.948781877756118774e-02 -3.404715359210968018e-01 -1.321035027503967285e+00
-9.333250671625137329e-02 -3.403573334217071533e-01 -1.320514202117919922e+00
-8.714228123426437378e-02 -3.400908708572387695e-01 -1.319401979446411133e+00
-8.082684874534606934e-02 -3.392586112022399902e-01 -1.316095471382141113e+00
-2.085251957178115845e-01 -3.446211814880371094e-01 -1.312805533409118652e+00
-2.035114020109176636e-01 -3.464518189430236816e-01 -1.320014595985412598e+00
-1.971958279609680176e-01 -3.461111187934875488e-01 -1.318919777870178223e+00
-1.905091106891632080e-01 -3.450763523578643799e-01 -1.315149307250976562e+00
-1.833710521459579468e-01 -3.431285917758941650e-01 -1.307870626449584961e+00
-1.766857057809829712e-01 -3.419236838817596436e-01 -1.303396582603454590e+00
-1.700441390275955200e-01 -3.407212197780609131e-01 -1.298907756805419922e+00
-1.642745286226272583e-01 -3.412418067455291748e-01 -1.300966024398803711e+00
-1.583349704742431641e-01 -3.414355516433715820e-01 -1.301758766174316406e+00
-1.523633003234863281e-01 -3.415726423263549805e-01 -1.302317976951599121e+00
-1.463491022586822510e-01 -3.416218161582946777e-01 -1.302525639533996582e+00
-1.401004791259765625e-01 -3.411044180393218994e-01 -1.300559163093566895e+00
-1.342846006155014038e-01 -3.416414856910705566e-01 -1.302600264549255371e+00
-1.288490295410156250e-01 -3.432422280311584473e-01 -1.308685660362243652e+00
-1.229166314005851746e-01 -3.436122238636016846e-01 -1.310068607330322266e+00
-1.169465407729148865e-01 -3.439098000526428223e-01 -1.311167478561401367e+00
-1.109596267342567444e-01 -3.441878557205200195e-01 -1.312184929847717285e+00
-1.049974113702774048e-01 -3.445791602134704590e-01 -1.313628435134887695e+00
-9.897221624851226807e-02 -3.447992801666259766e-01 -1.314414858818054199e+00
-9.312433004379272461e-02 -3.457065224647521973e-01 -1.317817449569702148e+00
-8.700014650821685791e-02 -3.456433415412902832e-01 -1.317518830299377441e+00
-8.078106492757797241e-02 -3.451651930809020996e-01 -1.315637588500976562e+00
-7.337372750043869019e-02 -3.391170799732208252e-01 -1.292526960372924805e+00
-2.150911539793014526e-01 -3.417920768260955811e-01 -1.278330802917480469e+00
-2.138519287109375000e-01 -3.494644761085510254e-01 -1.307375907897949219e+00
-2.092309296131134033e-01 -3.518972992897033691e-01 -1.316791653633117676e+00
-2.031709700822830200e-01 -3.519835174083709717e-01 -1.317393541336059570e+00
-1.968847215175628662e-01 -3.516708612442016602e-01 -1.316469192504882812e+00
-1.897912919521331787e-01 -3.498502969741821289e-01 -1.309867620468139648e+00
-1.829702407121658325e-01 -3.484280705451965332e-01 -1.304726958274841309e+00
-1.763708889484405518e-01 -3.473451733589172363e-01 -1.300829172134399414e+00
-1.695659309625625610e-01 -3.457663357257843018e-01 -1.295048594474792480e+00
-1.637722551822662354e-01 -3.462094366550445557e-01 -1.296817898750305176e+00
-1.578955501317977905e-01 -3.465040624141693115e-01 -1.298010706901550293e+00
-1.519530266523361206e-01 -3.466719090938568115e-01 -1.298709750175476074e+00
-1.460438370704650879e-01 -3.469327390193939209e-01 -1.299740314483642578e+00
-1.399087011814117432e-01 -3.466562628746032715e-01 -1.298742055892944336e+00
-1.339536011219024658e-01 -3.468209505081176758e-01 -1.299382925033569336e+00
-1.283323615789413452e-01 -3.479063212871551514e-01 -1.303460836410522461e+00
-1.224582940340042114e-01 -3.483796119689941406e-01 -1.305234670639038086e+00
-1.165074557065963745e-01 -3.486723303794860840e-01 -1.306322336196899414e+00
-1.105998978018760681e-01 -3.491337299346923828e-01 -1.308034181594848633e+00
-1.046748906373977661e-01 -3.495904207229614258e-01 -1.309721112251281738e+00
-9.882262349128723145e-02 -3.503611683845520020e-01 -1.312579393386840820e+00
-9.295585006475448608e-02 -3.511782586574554443e-01 -1.315606594085693359e+00
-8.702974766492843628e-02 -3.518701791763305664e-01 -1.318161487579345703e+00
-8.092174679040908813e-02 -3.518756628036499023e-01 -1.318142414093017578e+00
-7.459354400634765625e-02 -3.508462905883789062e-01 -1.314245700836181641e+00
-2.152975201606750488e-01 -3.579353094100952148e-01 -1.315626621246337891e+00
-2.090771049261093140e-01 -3.577438294887542725e-01 -1.315282702445983887e+00
-2.028064131736755371e-01 -3.574521839618682861e-01 -1.314533710479736328e+00
-1.958704590797424316e-01 -3.559335768222808838e-01 -1.309236764907836914e+00
-1.885693967342376709e-01 -3.536330163478851318e-01 -1.301028609275817871e+00
-1.825053095817565918e-01 -3.535768091678619385e-01 -1.301046252250671387e+00
-1.760495454072952271e-01 -3.527320027351379395e-01 -1.298133730888366699e+00
-1.699667274951934814e-01 -3.526010513305664062e-01 -1.297822356224060059e+00
-1.632781028747558594e-01 -3.511576354503631592e-01 -1.292655587196350098e+00
-1.572678089141845703e-01 -3.511186540126800537e-01 -1.292636513710021973e+00
-1.512756794691085815e-01 -3.511187434196472168e-01 -1.292741060256958008e+00
-1.457851678133010864e-01 -3.523311018943786621e-01 -1.297291040420532227e+00
-1.398463696241378784e-01 -3.525178134441375732e-01 -1.298048019409179688e+00
-1.337969601154327393e-01 -3.524299263954162598e-01 -1.297778964042663574e+00
-1.278976798057556152e-01 -3.527478873729705811e-01 -1.298990488052368164e+00
-1.221151798963546753e-01 -3.534351885318756104e-01 -1.301550269126892090e+00
-1.162665635347366333e-01 -3.539926409721374512e-01 -1.303621292114257812e+00
-1.102079153060913086e-01 -3.539365828037261963e-01 -1.303423762321472168e+00
-1.044018417596817017e-01 -3.547323644161224365e-01 -1.306354880332946777e+00
-9.875635057687759399e-02 -3.562051951885223389e-01 -1.311772704124450684e+00
-9.304925054311752319e-02 -3.576344847679138184e-01 -1.317024230957031250e+00
-8.775618672370910645e-02 -3.609675168991088867e-01 -1.329281806945800781e+00
-8.142953366041183472e-02 -3.602313399314880371e-01 -1.326550364494323730e+00
-7.468590885400772095e-02 -3.573797345161437988e-01 -1.316026568412780762e+00
-6.806112825870513916e-02 -3.546402156352996826e-01 -1.305914163589477539e+00
-2.215502858161926270e-01 -3.642810285091400146e-01 -1.315361022949218750e+00
-2.152488082647323608e-01 -3.639614284038543701e-01 -1.314653635025024414e+00
-2.089177072048187256e-01 -3.635716140270233154e-01 -1.313651800155639648e+00
-2.022140920162200928e-01 -3.624906241893768311e-01 -1.310113191604614258e+00
-1.954811215400695801e-01 -3.612883388996124268e-01 -1.306098580360412598e+00
-1.884511262178421021e-01 -3.594425022602081299e-01 -1.299721837043762207e+00
-1.821999698877334595e-01 -3.590092957019805908e-01 -1.298420190811157227e+00
-1.762366145849227905e-01 -3.591328859329223633e-01 -1.299103379249572754e+00
-1.696799993515014648e-01 -3.580136001110076904e-01 -1.295262932777404785e+00
-1.633159667253494263e-01 -3.572333157062530518e-01 -1.292623043060302734e+00
-1.569201350212097168e-01 -3.563213646411895752e-01 -1.289483189582824707e+00
-1.514274328947067261e-01 -3.574691414833068848e-01 -1.293775796890258789e+00
-1.456138193607330322e-01 -3.579228520393371582e-01 -1.295537352561950684e+00
-1.397343873977661133e-01 -3.582468032836914062e-01 -1.296811699867248535e+00
-1.337073892354965210e-01 -3.582045733928680420e-01 -1.296744108200073242e+00
-1.277512460947036743e-01 -3.583570420742034912e-01 -1.297366738319396973e+00
-1.219394579529762268e-01 -3.589496314525604248e-01 -1.299569129943847656e+00
-1.162912920117378235e-01 -3.601104021072387695e-01 -1.303817033767700195e+00
-1.100945547223091125e-01 -3.596066236495971680e-01 -1.302027702331542969e+00
-1.043041497468948364e-01 -3.604485392570495605e-01 -1.305101394653320312e+00
-9.852237254381179810e-02 -3.614258170127868652e-01 -1.308657050132751465e+00
-9.295645356178283691e-02 -3.633751273155212402e-01 -1.315725207328796387e+00
-8.765565603971481323e-02 -3.667071759700775146e-01 -1.327794432640075684e+00
-8.140848577022552490e-02 -3.662843406200408936e-01 -1.326262593269348145e+00
-7.460347563028335571e-02 -3.630775809288024902e-01 -1.314646601676940918e+00
-6.793303042650222778e-02 -3.600135743618011475e-01 -1.303544759750366211e+00
-6.116341054439544678e-02 -3.557746708393096924e-01 -1.288186550140380859e+00
-2.260448038578033447e-01 -3.677611649036407471e-01 -1.304667234420776367e+00
-2.207727581262588501e-01 -3.690935671329498291e-01 -1.309931278228759766e+00
-2.149284183979034424e-01 -3.695177137851715088e-01 -1.311930656433105469e+00
-2.083245813846588135e-01 -3.686226904392242432e-01 -1.309204816818237305e+00
-2.016600668430328369e-01 -3.675632774829864502e-01 -1.305853724479675293e+00
-1.949265748262405396e-01 -3.663084506988525391e-01 -1.301769614219665527e+00
-1.883251368999481201e-01 -3.652294576168060303e-01 -1.298273682594299316e+00
-1.819964349269866943e-01 -3.646255433559417725e-01 -1.296432852745056152e+00
-1.761843711137771606e-01 -3.650507628917694092e-01 -1.298220872879028320e+00
-1.693210303783416748e-01 -3.632507622241973877e-01 -1.292066454887390137e+00
-1.631914973258972168e-01 -3.629506528377532959e-01 -1.291219592094421387e+00
-1.573523581027984619e-01 -3.632982373237609863e-01 -1.292652368545532227e+00
-1.512845307588577271e-01 -3.631242811679840088e-01 -1.292207360267639160e+00
-1.455125063657760620e-01 -3.636753857135772705e-01 -1.294321656227111816e+00
-1.397224664688110352e-01 -3.642269372940063477e-01 -1.296418786048889160e+00
-1.336886286735534668e-01 -3.641639351844787598e-01 -1.296311020851135254e+00
-1.276775896549224854e-01 -3.641600608825683594e-01 -1.296397566795349121e+00
-1.217737719416618347e-01 -3.644766807556152344e-01 -1.297610640525817871e+00
-1.160052716732025146e-01 -3.652523458003997803e-01 -1.300444602966308594e+00
-1.102469339966773987e-01 -3.661467134952545166e-01 -1.303689718246459961e+00
-1.042491197586059570e-01 -3.663033843040466309e-01 -1.304297685623168945e+00
-9.842040389776229858e-02 -3.671100437641143799e-01 -1.307210564613342285e+00
-9.245827794075012207e-02 -3.674922883510589600e-01 -1.308604001998901367e+00
-8.651944994926452637e-02 -3.680272996425628662e-01 -1.310534119606018066e+00
-8.059475570917129517e-02 -3.687077760696411133e-01 -1.312976002693176270e+00
-7.466163486242294312e-02 -3.694576323032379150e-01 -1.315659761428833008e+00
-6.839444488286972046e-02 -3.685407936573028564e-01 -1.312403798103332520e+00
-2.255460023880004883e-01 -3.730052709579467773e-01 -1.300834178924560547e+00
-2.205875515937805176e-01 -3.748698532581329346e-01 -1.307923555374145508e+00
-2.146841287612915039e-01 -3.751887977123260498e-01 -1.309578537940979004e+00
-2.080359011888504028e-01 -3.741867244243621826e-01 -1.306579232215881348e+00
-2.010503262281417847e-01 -3.724992871284484863e-01 -1.301143527030944824e+00
-1.943764686584472656e-01 -3.713026940822601318e-01 -1.297381043434143066e+00
-1.879822462797164917e-01 -3.705807924270629883e-01 -1.295239567756652832e+00
-1.817369610071182251e-01 -3.701144158840179443e-01 -1.293956875801086426e+00
-1.753293275833129883e-01 -3.692741692066192627e-01 -1.291334629058837891e+00
-1.693363487720489502e-01 -3.692787885665893555e-01 -1.291636705398559570e+00
-1.629672795534133911e-01 -3.684334158897399902e-01 -1.288937807083129883e+00
-1.570066660642623901e-01 -3.684822618961334229e-01 -1.289341211318969727e+00
-1.511213779449462891e-01 -3.687187731266021729e-01 -1.290377736091613770e+00
-1.451914757490158081e-01 -3.688614368438720703e-01 -1.291063666343688965e+00
-1.395893245935440063e-01 -3.698848485946655273e-01 -1.294812679290771484e+00
-1.335805356502532959e-01 -3.698743283748626709e-01 -1.294923782348632812e+00
-1.274217963218688965e-01 -3.694280385971069336e-01 -1.293491601943969727e+00
-1.213892698287963867e-01 -3.693217337131500244e-01 -1.293233633041381836e+00
-1.157945916056632996e-01 -3.706057071685791016e-01 -1.297829508781433105e+00
-1.100896000862121582e-01 -3.716579675674438477e-01 -1.301601648330688477e+00
-1.042330190539360046e-01 -3.722908794879913330e-01 -1.303893208503723145e+00
-9.822785109281539917e-02 -3.724382519721984863e-01 -1.304473638534545898e+00
-9.228742867708206177e-02 -3.728666007518768311e-01 -1.306028604507446289e+00
-8.628952503204345703e-02 -3.731065690517425537e-01 -1.306915044784545898e+00
-8.042047172784805298e-02 -3.739819526672363281e-01 -1.310019612312316895e+00
-7.463504374027252197e-02 -3.754209578037261963e-01 -1.315092086791992188e+00
-6.870464980602264404e-02 -3.763218522071838379e-01 -1.318273663520812988e+00
-6.242756918072700500e-02 -3.753142952919006348e-01 -1.314765095710754395e+00
-2.294903248548507690e-01 -3.756053149700164795e-01 -1.287254810333251953e+00
-2.263880968093872070e-01 -3.804761767387390137e-01 -1.304632902145385742e+00
-2.213165909051895142e-01 -3.822148144245147705e-01 -1.311233878135681152e+00
-2.149703949689865112e-01 -3.817883133888244629e-01 -1.310363292694091797e+00
-2.080461978912353516e-01 -3.802803754806518555e-01 -1.305734157562255859e+00
-2.006894201040267944e-01 -3.778672218322753906e-01 -1.297950267791748047e+00
-1.941216737031936646e-01 -3.768360912799835205e-01 -1.294870018959045410e+00
-1.877595782279968262e-01 -3.761509656906127930e-01 -1.292940020561218262e+00
-1.812594085931777954e-01 -3.751347362995147705e-01 -1.289835572242736816e+00
-1.750488430261611938e-01 -3.746689260005950928e-01 -1.288589477539062500e+00
-1.688271015882492065e-01 -3.741453588008880615e-01 -1.287113428115844727e+00
-1.623557209968566895e-01 -3.730098307132720947e-01 -1.283501982688903809e+00
-1.565677523612976074e-01 -3.734176456928253174e-01 -1.285174012184143066e+00
-1.509131789207458496e-01 -3.741886019706726074e-01 -1.288071632385253906e+00
-1.450477689504623413e-01 -3.744787871837615967e-01 -1.289291620254516602e+00
-1.391738802194595337e-01 -3.747711181640625000e-01 -1.290497303009033203e+00
-1.332911849021911621e-01 -3.750649690628051758e-01 -1.291688442230224609e+00
-1.272883117198944092e-01 -3.750323057174682617e-01 -1.291736602783203125e+00
-1.212403699755668640e-01 -3.748571872711181641e-01 -1.291276574134826660e+00
-1.155122369527816772e-01 -3.757039904594421387e-01 -1.294321298599243164e+00
-1.099397987127304077e-01 -3.771778047084808350e-01 -1.299511909484863281e+00
-1.040311381220817566e-01 -3.776021599769592285e-01 -1.301074028015136719e+00
-9.811667352914810181e-02 -3.780563473701477051e-01 -1.302727103233337402e+00
-9.228870272636413574e-02 -3.789252638816833496e-01 -1.305798411369323730e+00
-8.644035458564758301e-02 -3.798266649246215820e-01 -1.308971762657165527e+00
-8.050918579101562500e-02 -3.804726898670196533e-01 -1.311256408691406250e+00
-7.461123168468475342e-02 -3.813941180706024170e-01 -1.314482092857360840e+00
-6.845963746309280396e-02 -3.810674846172332764e-01 -1.313399195671081543e+00
-6.232723221182823181e-02 -3.807944357395172119e-01 -1.312494397163391113e+00
-5.554492771625518799e-02 -3.760621249675750732e-01 -1.296213746070861816e+00
-2.322682887315750122e-01 -3.862251043319702148e-01 -1.301622867584228516e+00
-2.272107005119323730e-01 -3.879590034484863281e-01 -1.308206558227539062e+00
-2.213878035545349121e-01 -3.884458243846893311e-01 -1.310539245605468750e+00
-2.151540964841842651e-01 -3.882189989089965820e-01 -1.310417056083679199e+00
-2.079131007194519043e-01 -3.861083388328552246e-01 -1.303887367248535156e+00
-2.007110267877578735e-01 -3.839451372623443604e-01 -1.297131061553955078e+00
-1.940926909446716309e-01 -3.827990293502807617e-01 -1.293766140937805176e+00
-1.874585151672363281e-01 -3.815473318099975586e-01 -1.290003299713134766e+00
-1.810314059257507324e-01 -3.806482851505279541e-01 -1.287394404411315918e+00
-1.746734529733657837e-01 -3.798381090164184570e-01 -1.285050392150878906e+00
-1.684321314096450806e-01 -3.792331516742706299e-01 -1.283367514610290527e+00
-1.624172776937484741e-01 -3.791124522686004639e-01 -1.283292651176452637e+00
-1.565265506505966187e-01 -3.792833685874938965e-01 -1.284176945686340332e+00
-1.506934314966201782e-01 -3.796128630638122559e-01 -1.285572409629821777e+00
-1.447838246822357178e-01 -3.797689080238342285e-01 -1.286356091499328613e+00
-1.389108449220657349e-01 -3.800385892391204834e-01 -1.287501811981201172e+00
-1.329651921987533569e-01 -3.801247775554656982e-01 -1.288004755973815918e+00
-1.271438598632812500e-01 -3.805912435054779053e-01 -1.289776206016540527e+00
-1.212167143821716309e-01 -3.807713985443115234e-01 -1.290559411048889160e+00
-1.154071316123008728e-01 -3.813587129116058350e-01 -1.292705416679382324e+00
-1.096126586198806763e-01 -3.820631206035614014e-01 -1.295233011245727539e+00
-1.037448793649673462e-01 -3.825788497924804688e-01 -1.297106385231018066e+00
-9.793268889188766479e-02 -3.833757042884826660e-01 -1.299919962882995605e+00
-9.218830615282058716e-02 -3.845599591732025146e-01 -1.304035186767578125e+00
-8.647728711366653442e-02 -3.860594034194946289e-01 -1.309208273887634277e+00
-8.058244735002517700e-02 -3.869026899337768555e-01 -1.312146306037902832e+00
-7.440871000289916992e-02 -3.864352107048034668e-01 -1.310629487037658691e+00
-6.825313717126846313e-02 -3.859874010086059570e-01 -1.309170484542846680e+00
-6.215777993202209473e-02 -3.858259022235870361e-01 -1.308674693107604980e+00
-5.608622729778289795e-02 -3.857932090759277344e-01 -1.308608651161193848e+00
-2.385421842336654663e-01 -3.926286995410919189e-01 -1.300551176071166992e+00
-2.338320910930633545e-01 -3.949393928050994873e-01 -1.309054374694824219e+00
-2.276315242052078247e-01 -3.947892189025878906e-01 -1.309351682662963867e+00
-2.212333530187606812e-01 -3.942785561084747314e-01 -1.308400630950927734e+00
-2.146499752998352051e-01 -3.933995068073272705e-01 -1.306175947189331055e+00
-2.077397853136062622e-01 -3.918526470661163330e-01 -1.301683425903320312e+00
-2.005483359098434448e-01 -3.896662592887878418e-01 -1.295016527175903320e+00
-1.936295032501220703e-01 -3.878903687000274658e-01 -1.289666414260864258e+00
-1.872254908084869385e-01 -3.870651423931121826e-01 -1.287434339523315430e+00
-1.808163523674011230e-01 -3.861743807792663574e-01 -1.284944772720336914e+00
-1.745737195014953613e-01 -3.855904936790466309e-01 -1.283439517021179199e+00
-1.683803200721740723e-01 -3.850778341293334961e-01 -1.282137155532836914e+00
-1.625359952449798584e-01 -3.853551745414733887e-01 -1.283433556556701660e+00
-1.564516723155975342e-01 -3.850629329681396484e-01 -1.282803654670715332e+00
-1.503161936998367310e-01 -3.846167325973510742e-01 -1.281632423400878906e+00
-1.444175988435745239e-01 -3.847647607326507568e-01 -1.282415151596069336e+00
-1.386078596115112305e-01 -3.851724267005920410e-01 -1.284039497375488281e+00
-1.328232735395431519e-01 -3.856898546218872070e-01 -1.286007165908813477e+00
-1.270863562822341919e-01 -3.864009082317352295e-01 -1.288599848747253418e+00
-1.212847679853439331e-01 -3.869758546352386475e-01 -1.290719509124755859e+00
-1.152851805090904236e-01 -3.869459927082061768e-01 -1.290803551673889160e+00
-1.093666404485702515e-01 -3.871997296810150146e-01 -1.291816353797912598e+00
-1.035703048110008240e-01 -3.879407048225402832e-01 -1.294438958168029785e+00
-9.782898426055908203e-02 -3.889916241168975830e-01 -1.298081517219543457e+00
-9.213759750127792358e-02 -3.903920054435729980e-01 -1.302877187728881836e+00
-8.642563223838806152e-02 -3.918956220149993896e-01 -1.308005332946777344e+00
-8.050147444009780884e-02 -3.925915062427520752e-01 -1.310426354408264160e+00
-7.436326146125793457e-02 -3.922718465328216553e-01 -1.309446573257446289e+00
-6.819491833448410034e-02 -3.917223215103149414e-01 -1.307689189910888672e+00
-6.220459192991256714e-02 -3.921878933906555176e-01 -1.309311032295227051e+00
-5.649963021278381348e-02 -3.947478532791137695e-01 -1.317916989326477051e+00
-2.432867735624313354e-01 -3.965332508087158203e-01 -1.291024923324584961e+00
-2.393687665462493896e-01 -4.000884890556335449e-01 -1.303560137748718262e+00
-2.341573089361190796e-01 -4.016111791133880615e-01 -1.309427380561828613e+00
-2.274465411901473999e-01 -4.005750417709350586e-01 -1.306897878646850586e+00
-2.204912602901458740e-01 -3.990392982959747314e-01 -1.302680373191833496e+00
-2.140377312898635864e-01 -3.983501791954040527e-01 -1.301172256469726562e+00
-2.071221768856048584e-01 -3.967357873916625977e-01 -1.296590089797973633e+00
-2.002110332250595093e-01 -3.950330317020416260e-01 -1.291668295860290527e+00
-1.936065703630447388e-01 -3.938485682010650635e-01 -1.288393616676330566e+00
-1.870015114545822144e-01 -3.925870060920715332e-01 -1.284822821617126465e+00
-1.806495487689971924e-01 -3.917908370494842529e-01 -1.282733798027038574e+00
-1.743944883346557617e-01 -3.911576867103576660e-01 -1.281140089035034180e+00
-1.684415936470031738e-01 -3.911814391613006592e-01 -1.281662821769714355e+00
-1.622982323169708252e-01 -3.907483220100402832e-01 -1.280655622482299805e+00
-1.561309099197387695e-01 -3.902223706245422363e-01 -1.279312491416931152e+00
-1.500278860330581665e-01 -3.898217380046844482e-01 -1.278350472450256348e+00
-1.441070884466171265e-01 -3.898811042308807373e-01 -1.278869152069091797e+00
-1.383935064077377319e-01 -3.905303180217742920e-01 -1.281297683715820312e+00
-1.326699852943420410e-01 -3.912085890769958496e-01 -1.283798217773437500e+00
-1.270389258861541748e-01 -3.922362625598907471e-01 -1.287423729896545410e+00
-1.211080625653266907e-01 -3.923939764499664307e-01 -1.288173317909240723e+00
-1.151556447148323059e-01 -3.924946188926696777e-01 -1.288715720176696777e+00
-1.092361658811569214e-01 -3.927248120307922363e-01 -1.289664626121520996e+00
-1.034415438771247864e-01 -3.934565484523773193e-01 -1.292243838310241699e+00
-9.782548248767852783e-02 -3.949993550777435303e-01 -1.297471165657043457e+00
-9.200552850961685181e-02 -3.958673179149627686e-01 -1.300467610359191895e+00
-8.619411289691925049e-02 -3.968963623046875000e-01 -1.303979635238647461e+00
-8.035752922296524048e-02 -3.979562520980834961e-01 -1.307580351829528809e+00
-7.442752271890640259e-02 -3.986887633800506592e-01 -1.310093402862548828e+00
-6.838307529687881470e-02 -3.988840281963348389e-01 -1.310829639434814453e+00
-6.259963661432266235e-02 -4.007884562015533447e-01 -1.317172288894653320e+00
-5.693600326776504517e-02 -4.039548635482788086e-01 -1.327653408050537109e+00
-5.057474598288536072e-02 -4.023394882678985596e-01 -1.322409033775329590e+00
-2.444755882024765015e-01 -4.045454859733581543e-01 -1.295667052268981934e+00
-2.409940510988235474e-01 -4.089456796646118164e-01 -1.310784339904785156e+00
-2.344736605882644653e-01 -4.082844853401184082e-01 -1.309628844261169434e+00
-2.263511121273040771e-01 -4.047230482101440430e-01 -1.299104213714599609e+00
-2.200428545475006104e-01 -4.042986333370208740e-01 -1.298586368560791016e+00
-2.134943157434463501e-01 -4.033961296081542969e-01 -1.296478867530822754e+00
-2.067656964063644409e-01 -4.020906984806060791e-01 -1.293023347854614258e+00
-2.001658529043197632e-01 -4.009647369384765625e-01 -1.290094256401062012e+00
-1.936020702123641968e-01 -3.998433649539947510e-01 -1.287131786346435547e+00
-1.870574206113815308e-01 -3.986910581588745117e-01 -1.284024238586425781e+00
-1.803251504898071289e-01 -3.970493972301483154e-01 -1.279296636581420898e+00
-1.743337810039520264e-01 -3.969825506210327148e-01 -1.279603242874145508e+00
-1.682609021663665771e-01 -3.967188596725463867e-01 -1.279238939285278320e+00
-1.620341241359710693e-01 -3.960596323013305664e-01 -1.277564406394958496e+00
-1.559298783540725708e-01 -3.956610858440399170e-01 -1.276697397232055664e+00
-1.499621123075485229e-01 -3.955910205841064453e-01 -1.276859402656555176e+00
-1.439214050769805908e-01 -3.953147828578948975e-01 -1.276327133178710938e+00
-1.383157521486282349e-01 -3.962611258029937744e-01 -1.279715657234191895e+00
-1.327098906040191650e-01 -3.972919583320617676e-01 -1.283352851867675781e+00
-1.267664879560470581e-01 -3.973617851734161377e-01 -1.283862709999084473e+00
-1.209293156862258911e-01 -3.977879583835601807e-01 -1.285501360893249512e+00
-1.150938794016838074e-01 -3.982644081115722656e-01 -1.287281751632690430e+00
-1.092289313673973083e-01 -3.986854255199432373e-01 -1.288863062858581543e+00
-1.034230589866638184e-01 -3.993833065032958984e-01 -1.291321516036987305e+00
-9.768237173557281494e-02 -4.004344046115875244e-01 -1.294904708862304688e+00
-9.189076721668243408e-02 -4.014008939266204834e-01 -1.298198580741882324e+00
-8.607079088687896729e-02 -4.023704826831817627e-01 -1.301487565040588379e+00
-8.036667853593826294e-02 -4.040689766407012939e-01 -1.307120442390441895e+00
-7.450433075428009033e-02 -4.051843881607055664e-01 -1.310854077339172363e+00
-6.860552728176116943e-02 -4.062822461128234863e-01 -1.314518451690673828e+00
-6.291314959526062012e-02 -4.089362621307373047e-01 -1.323206305503845215e+00
-5.693135038018226624e-02 -4.100795686244964600e-01 -1.326995253562927246e+00
-4.989147186279296875e-02 -4.029544889926910400e-01 -1.304016113281250000e+00
-2.472253590822219849e-01 -4.051710963249206543e-01 -1.275589704513549805e+00
-2.460197955369949341e-01 -4.132137596607208252e-01 -1.302051067352294922e+00
-2.410815805196762085e-01 -4.152371287345886230e-01 -1.309510231018066406e+00
-2.350233495235443115e-01 -4.153867363929748535e-01 -1.311005234718322754e+00
-2.267374098300933838e-01 -4.115014076232910156e-01 -1.299698591232299805e+00
-2.193725556135177612e-01 -4.091194570064544678e-01 -1.293071150779724121e+00
-2.131046056747436523e-01 -4.087060987949371338e-01 -1.292606711387634277e+00
-2.068566530942916870e-01 -4.083079993724822998e-01 -1.292138934135437012e+00
-1.999443620443344116e-01 -4.065352678298950195e-01 -1.287268877029418945e+00
-1.934692263603210449e-01 -4.055689275264739990e-01 -1.284901857376098633e+00
-1.868756711483001709e-01 -4.042845070362091064e-01 -1.281480073928833008e+00
-1.803223341703414917e-01 -4.030051231384277344e-01 -1.278029084205627441e+00
-1.742080301046371460e-01 -4.026529788970947266e-01 -1.277476906776428223e+00
-1.681504398584365845e-01 -4.024115800857543945e-01 -1.277238249778747559e+00
-1.619641035795211792e-01 -4.018331170082092285e-01 -1.275893330574035645e+00
-1.559142917394638062e-01 -4.015621542930603027e-01 -1.275490522384643555e+00
-1.499052941799163818e-01 -4.013789892196655273e-01 -1.275334119796752930e+00
-1.438918411731719971e-01 -4.011682868003845215e-01 -1.275060057640075684e+00
-1.381156593561172485e-01 -4.016294777393341064e-01 -1.276893019676208496e+00
-1.326585263013839722e-01 -4.031015932559967041e-01 -1.281914830207824707e+00
-1.265297234058380127e-01 -4.025752246379852295e-01 -1.280556440353393555e+00
-1.205744370818138123e-01 -4.025762081146240234e-01 -1.280850887298583984e+00
-1.149524152278900146e-01 -4.037478566169738770e-01 -1.284847974777221680e+00
-1.091587617993354797e-01 -4.044120311737060547e-01 -1.287209987640380859e+00
-1.033200249075889587e-01 -4.049765765666961670e-01 -1.289234995841979980e+00
-9.744478017091751099e-02 -4.054586291313171387e-01 -1.290978908538818359e+00
-9.165643900632858276e-02 -4.063893258571624756e-01 -1.294133782386779785e+00
-8.605347573757171631e-02 -4.083302617073059082e-01 -1.300489783287048340e+00
-8.018837869167327881e-02 -4.092265069484710693e-01 -1.303503632545471191e+00
-7.432489842176437378e-02 -4.102781713008880615e-01 -1.306997656822204590e+00
-6.862793862819671631e-02 -4.125176966190338135e-01 -1.314262390136718750e+00
-6.280682981014251709e-02 -4.143753051757812500e-01 -1.320297956466674805e+00
-5.650795251131057739e-02 -4.131416678428649902e-01 -1.316470980644226074e+00
-5.001778528094291687e-02 -4.100407063961029053e-01 -1.306680321693420410e+00
-4.344354942440986633e-02 -4.052995145320892334e-01 -1.291649341583251953e+00
-2.511963546276092529e-01 -4.177693724632263184e-01 -1.294098973274230957e+00
-2.463461309671401978e-01 -4.198829233646392822e-01 -1.301848530769348145e+00
-2.401868253946304321e-01 -4.198161363601684570e-01 -1.302779674530029297e+00
-2.340922057628631592e-01 -4.198617935180664062e-01 -1.303998112678527832e+00
-2.269837558269500732e-01 -4.180427491664886475e-01 -1.299361705780029297e+00
-2.191704511642456055e-01 -4.147893786430358887e-01 -1.290198564529418945e+00
-2.130688726902008057e-01 -4.146828055381774902e-01 -1.290761828422546387e+00
-2.066347897052764893e-01 -4.139039814472198486e-01 -1.289179444313049316e+00
-1.995363980531692505e-01 -4.117076396942138672e-01 -1.283126592636108398e+00
-1.928977668285369873e-01 -4.103530943393707275e-01 -1.279644012451171875e+00
-1.862954646348953247e-01 -4.089916050434112549e-01 -1.276090264320373535e+00
-1.801466941833496094e-01 -4.085687100887298584e-01 -1.275419592857360840e+00
-1.741211861371994019e-01 -4.084060192108154297e-01 -1.275519728660583496e+00
-1.678741425275802612e-01 -4.076937437057495117e-01 -1.273863911628723145e+00
-1.618976742029190063e-01 -4.076104462146759033e-01 -1.274135351181030273e+00
-1.557243615388870239e-01 -4.070063233375549316e-01 -1.272742986679077148e+00
-1.496258080005645752e-01 -4.065574407577514648e-01 -1.271801948547363281e+00
-1.436729133129119873e-01 -4.064837098121643066e-01 -1.272002100944519043e+00
-1.378517895936965942e-01 -4.067924022674560547e-01 -1.273369789123535156e+00
-1.319927275180816650e-01 -4.070118963718414307e-01 -1.274430155754089355e+00
-1.262969523668289185e-01 -4.077792465686798096e-01 -1.277179956436157227e+00
-1.204609349370002747e-01 -4.081472456455230713e-01 -1.278654456138610840e+00
-1.146414056420326233e-01 -4.086122810840606689e-01 -1.280409216880798340e+00
-1.090384274721145630e-01 -4.099423587322235107e-01 -1.284853219985961914e+00
-1.032137721776962280e-01 -4.105450510978698730e-01 -1.286996603012084961e+00
-9.729835391044616699e-02 -4.108386039733886719e-01 -1.288151025772094727e+00
-9.162657707929611206e-02 -4.122669696807861328e-01 -1.292844653129577637e+00
-8.605727553367614746e-02 -4.143892824649810791e-01 -1.299697637557983398e+00
-8.001417666673660278e-02 -4.143783748149871826e-01 -1.299843072891235352e+00
-7.404127717018127441e-02 -4.147588908672332764e-01 -1.301199913024902344e+00
-6.849320232868194580e-02 -4.177984595298767090e-01 -1.310883998870849609e+00
-6.240370124578475952e-02 -4.178064167499542236e-01 -1.311041831970214844e+00
-5.631524696946144104e-02 -4.178238511085510254e-01 -1.311214685440063477e+00
-5.025452002882957458e-02 -4.180761575698852539e-01 -1.312111020088195801e+00
-4.352856427431106567e-02 -4.121001958847045898e-01 -1.293445348739624023e+00
-2.561651766300201416e-01 -4.220121204853057861e-01 -1.285038709640502930e+00
-2.524579167366027832e-01 -4.259883165359497070e-01 -1.298477172851562500e+00
-2.455445677042007446e-01 -4.246178865432739258e-01 -1.295558929443359375e+00
-2.397361844778060913e-01 -4.251370429992675781e-01 -1.298338413238525391e+00
-2.335391342639923096e-01 -4.249761700630187988e-01 -1.298979043960571289e+00
-2.266152352094650269e-01 -4.234484136104583740e-01 -1.295377254486083984e+00
-2.196078151464462280e-01 -4.216760098934173584e-01 -1.290961027145385742e+00
-2.126815766096115112e-01 -4.199633002281188965e-01 -1.286664009094238281e+00
-2.059646099805831909e-01 -4.185759127140045166e-01 -1.283304095268249512e+00
-1.992614716291427612e-01 -4.171339869499206543e-01 -1.279720664024353027e+00
-1.925898492336273193e-01 -4.156706929206848145e-01 -1.276017665863037109e+00
-1.860733926296234131e-01 -4.144592881202697754e-01 -1.273037195205688477e+00
-1.798287928104400635e-01 -4.137932956218719482e-01 -1.271684885025024414e+00
-1.734993606805801392e-01 -4.128799736499786377e-01 -1.269527912139892578e+00
-1.676270961761474609e-01 -4.130284190177917480e-01 -1.270594716072082520e+00
-1.616054624319076538e-01 -4.128061830997467041e-01 -1.270482897758483887e+00
-1.553174704313278198e-01 -4.118607342243194580e-01 -1.268107652664184570e+00
-1.493541449308395386e-01 -4.117354154586791992e-01 -1.268221735954284668e+00
-1.435734629631042480e-01 -4.121239483356475830e-01 -1.269886016845703125e+00
-1.376223415136337280e-01 -4.120356738567352295e-01 -1.270050168037414551e+00
-1.317696869373321533e-01 -4.122475385665893555e-01 -1.271109819412231445e+00
-1.259984970092773438e-01 -4.127461910247802734e-01 -1.273026108741760254e+00
-1.203118562698364258e-01 -4.135847389698028564e-01 -1.275964975357055664e+00
-1.146241351962089539e-01 -4.145065248012542725e-01 -1.279136538505554199e+00
-1.088584885001182556e-01 -4.152321815490722656e-01 -1.281679511070251465e+00
-1.030705198645591736e-01 -4.159518778324127197e-01 -1.284181952476501465e+00
-9.721778333187103271e-02 -4.164827167987823486e-01 -1.286079883575439453e+00
-9.146537631750106812e-02 -4.175411462783813477e-01 -1.289587020874023438e+00
-8.579318970441818237e-02 -4.191401004791259766e-01 -1.294744849205017090e+00
-7.988425344228744507e-02 -4.197365343570709229e-01 -1.296787858009338379e+00
-7.379597425460815430e-02 -4.194110929965972900e-01 -1.295964479446411133e+00
-6.810504198074340820e-02 -4.214869141578674316e-01 -1.302543997764587402e+00
-6.215260922908782959e-02 -4.221916198730468750e-01 -1.304870605468750000e+00
-5.618062987923622131e-02 -4.229015409946441650e-01 -1.307198047637939453e+00
-5.026810988783836365e-02 -4.242856204509735107e-01 -1.311594009399414062e+00
-4.406162723898887634e-02 -4.232280850410461426e-01 -1.308427810668945312e+00
-2.530125677585601807e-01 -4.330585002899169922e-01 -1.299069166183471680e+00
-2.465544790029525757e-01 -4.324905276298522949e-01 -1.298690557479858398e+00
-2.396491616964340210e-01 -4.310891330242156982e-01 -1.295736789703369141e+00
-2.338056713342666626e-01 -4.315744340419769287e-01 -1.298387289047241211e+00
-2.263444066047668457e-01 -4.290194511413574219e-01 -1.291824102401733398e+00
-2.192627787590026855e-01 -4.270628690719604492e-01 -1.286992073059082031e+00
-2.122113406658172607e-01 -4.250557422637939453e-01 -1.281941533088684082e+00
-2.058374285697937012e-01 -4.243280887603759766e-01 -1.280689239501953125e+00
-1.995122283697128296e-01 -4.236600995063781738e-01 -1.279562354087829590e+00
-1.928102225065231323e-01 -4.221257567405700684e-01 -1.275764584541320801e+00
-1.864668577909469604e-01 -4.213034212589263916e-01 -1.274066805839538574e+00
-1.793592572212219238e-01 -4.186430275440216064e-01 -1.266758799552917480e+00
-1.734365373849868774e-01 -4.186608493328094482e-01 -1.267507076263427734e+00
-1.674501895904541016e-01 -4.185208976268768311e-01 -1.267735958099365234e+00
-1.613734215497970581e-01 -4.181364178657531738e-01 -1.267184019088745117e+00
-1.553069800138473511e-01 -4.177503585815429688e-01 -1.266588807106018066e+00
-1.493104100227355957e-01 -4.175291061401367188e-01 -1.266456246376037598e+00
-1.434171199798583984e-01 -4.175903797149658203e-01 -1.267146348953247070e+00
-1.375735253095626831e-01 -4.178078472614288330e-01 -1.268277764320373535e+00
-1.317394524812698364e-01 -4.180750548839569092e-01 -1.269529700279235840e+00
-1.259703189134597778e-01 -4.185831546783447266e-01 -1.271484255790710449e+00
-1.202461197972297668e-01 -4.192981719970703125e-01 -1.274039983749389648e+00
-1.146146059036254883e-01 -4.204275012016296387e-01 -1.277829051017761230e+00
-1.088650301098823547e-01 -4.212237894535064697e-01 -1.280581474304199219e+00
-1.029583290219306946e-01 -4.214692413806915283e-01 -1.281635522842407227e+00
-9.714992344379425049e-02 -4.221720695495605469e-01 -1.284057140350341797e+00
-9.143473207950592041e-02 -4.233987331390380859e-01 -1.288051009178161621e+00
-8.571173995733261108e-02 -4.247589111328125000e-01 -1.292430758476257324e+00
-7.984004914760589600e-02 -4.255319535732269287e-01 -1.295004606246948242e+00
-7.388997822999954224e-02 -4.259793460369110107e-01 -1.296568274497985840e+00
-6.783699244260787964e-02 -4.258603751659393311e-01 -1.296389102935791016e+00
-6.194100901484489441e-02 -4.267998635768890381e-01 -1.299414038658142090e+00
-5.609899014234542847e-02 -4.283547103404998779e-01 -1.304296016693115234e+00
-5.002301558852195740e-02 -4.282835721969604492e-01 -1.304210305213928223e+00
-4.369267821311950684e-02 -4.257144927978515625e-01 -1.296500921249389648e+00
-2.541308701038360596e-01 -4.411340355873107910e-01 -1.302401065826416016e+00
-2.476937621831893921e-01 -4.406435489654541016e-01 -1.302345752716064453e+00
-2.405287772417068481e-01 -4.388002455234527588e-01 -1.298216819763183594e+00
-2.328170686960220337e-01 -4.358370304107666016e-01 -1.290695309638977051e+00
-2.256314903497695923e-01 -4.337261021137237549e-01 -1.285620570182800293e+00
-2.189950793981552124e-01 -4.325834512710571289e-01 -1.283347368240356445e+00
-2.120160013437271118e-01 -4.306798577308654785e-01 -1.278751373291015625e+00
-2.057726979255676270e-01 -4.302033782005310059e-01 -1.278331279754638672e+00
-1.996556967496871948e-01 -4.299702346324920654e-01 -1.278579473495483398e+00
-1.932498216629028320e-01 -4.290812611579895020e-01 -1.276823997497558594e+00
-1.859906613826751709e-01 -4.261800646781921387e-01 -1.269024372100830078e+00
-1.800551414489746094e-01 -4.262204170227050781e-01 -1.269931316375732422e+00
-1.736927926540374756e-01 -4.252185523509979248e-01 -1.267686605453491211e+00
-1.675766855478286743e-01 -4.247699081897735596e-01 -1.267045855522155762e+00
-1.613542437553405762e-01 -4.240089356899261475e-01 -1.265430688858032227e+00
-1.553737819194793701e-01 -4.238499999046325684e-01 -1.265571832656860352e+00
-1.493160724639892578e-01 -4.234595298767089844e-01 -1.264983296394348145e+00
-1.434530168771743774e-01 -4.236115217208862305e-01 -1.265979170799255371e+00
-1.375894546508789062e-01 -4.237751364707946777e-01 -1.266976118087768555e+00
-1.318082958459854126e-01 -4.242186248302459717e-01 -1.268777728080749512e+00
-1.259326189756393433e-01 -4.243853688240051270e-01 -1.269720911979675293e+00
-1.203243806958198547e-01 -4.255143404006958008e-01 -1.273514509201049805e+00
-1.144359558820724487e-01 -4.257182776927947998e-01 -1.274512171745300293e+00
-1.087015792727470398e-01 -4.265490770339965820e-01 -1.277360081672668457e+00
-1.028802543878555298e-01 -4.271152317523956299e-01 -1.279390335083007812e+00
-9.694856405258178711e-02 -4.272647500038146973e-01 -1.280148029327392578e+00
-9.109450876712799072e-02 -4.277984201908111572e-01 -1.282033205032348633e+00
-8.560963720083236694e-02 -4.302624464035034180e-01 -1.289682149887084961e+00
-7.989774644374847412e-02 -4.318715035915374756e-01 -1.294748425483703613e+00
-7.403066754341125488e-02 -4.328359961509704590e-01 -1.297862172126770020e+00
-6.786719709634780884e-02 -4.320850074291229248e-01 -1.295811891555786133e+00
-6.198397651314735413e-02 -4.331457614898681641e-01 -1.299175143241882324e+00
-5.606275051832199097e-02 -4.341417551040649414e-01 -1.302325725555419922e+00
-5.000999942421913147e-02 -4.342372119426727295e-01 -1.302756905555725098e+00
-4.403580725193023682e-02 -4.351353347301483154e-01 -1.305578470230102539e+00
-3.738629445433616638e-02 -4.285795092582702637e-01 -1.286016225814819336e+00
-2.537968456745147705e-01 -4.467075169086456299e-01 -1.298140406608581543e+00
-2.469667196273803711e-01 -4.454866945743560791e-01 -1.296042442321777344e+00
-2.406057417392730713e-01 -4.450714290142059326e-01 -1.296213984489440918e+00
-2.323558181524276733e-01 -4.410489201545715332e-01 -1.285800218582153320e+00
-2.253477871417999268e-01 -4.392310678958892822e-01 -1.281733155250549316e+00
-2.183156907558441162e-01 -4.372646808624267578e-01 -1.277160882949829102e+00
-2.118633836507797241e-01 -4.363808929920196533e-01 -1.275684356689453125e+00
-2.054741233587265015e-01 -4.355791509151458740e-01 -1.274386882781982422e+00
-1.990267932415008545e-01 -4.346024096012115479e-01 -1.272518634796142578e+00
-1.926897764205932617e-01 -4.338134229183197021e-01 -1.271144032478332520e+00
-1.863658875226974487e-01 -4.330044090747833252e-01 -1.269657015800476074e+00
-1.800127327442169189e-01 -4.320717453956604004e-01 -1.267755866050720215e+00
-1.738457828760147095e-01 -4.315374195575714111e-01 -1.266974687576293945e+00
-1.674866378307342529e-01 -4.304713308811187744e-01 -1.264585018157958984e+00
-1.612741500139236450e-01 -4.297177493572235107e-01 -1.263068079948425293e+00
-1.552336066961288452e-01 -4.293823242187500000e-01 -1.262737989425659180e+00
-1.492664068937301636e-01 -4.292312264442443848e-01 -1.262910485267639160e+00
-1.434048265218734741e-01 -4.293839633464813232e-01 -1.263939380645751953e+00
-1.375835388898849487e-01 -4.296756088733673096e-01 -1.265342354774475098e+00
-1.318333148956298828e-01 -4.302254319190979004e-01 -1.267472267150878906e+00
-1.260133087635040283e-01 -4.305885434150695801e-01 -1.269020676612854004e+00
-1.201285943388938904e-01 -4.307555556297302246e-01 -1.269959926605224609e+00
-1.142336651682853699e-01 -4.309013187885284424e-01 -1.270806908607482910e+00
-1.082378625869750977e-01 -4.306617081165313721e-01 -1.270488500595092773e+00
-1.026126369833946228e-01 -4.319542944431304932e-01 -1.274663209915161133e+00
-9.665057808160781860e-02 -4.319008290767669678e-01 -1.274840354919433594e+00
-9.070974588394165039e-02 -4.319413900375366211e-01 -1.275269508361816406e+00
-8.513094484806060791e-02 -4.338325858116149902e-01 -1.281139492988586426e+00
-7.987450808286666870e-02 -4.377762377262115479e-01 -1.293050050735473633e+00
-7.402212917804718018e-02 -4.388308823108673096e-01 -1.296407818794250488e+00
-6.811771541833877563e-02 -4.397372305393218994e-01 -1.299306273460388184e+00
-6.209949031472206116e-02 -4.400141239166259766e-01 -1.300323724746704102e+00
-5.622780323028564453e-02 -4.415014386177062988e-01 -1.304898500442504883e+00
-5.045459046959877014e-02 -4.442166090011596680e-01 -1.313083529472351074e+00
-4.438794776797294617e-02 -4.447411596775054932e-01 -1.314774632453918457e+00
-3.811266645789146423e-02 -4.430086612701416016e-01 -1.309773683547973633e+00
-2.567929625511169434e-01 -4.473606646060943604e-01 -1.278146028518676758e+00
-2.460937500000000000e-01 -4.500267803668975830e-01 -1.288845300674438477e+00
-2.384644299745559692e-01 -4.471866488456726074e-01 -1.282138109207153320e+00
-2.323261946439743042e-01 -4.470672607421875000e-01 -1.283155560493469238e+00
-2.255609780550003052e-01 -4.457026720046997070e-01 -1.280529856681823730e+00
-2.179164141416549683e-01 -4.424771666526794434e-01 -1.272482275962829590e+00
-2.113375216722488403e-01 -4.412939548492431641e-01 -1.270236015319824219e+00
-2.048117518424987793e-01 -4.401557147502899170e-01 -1.268055438995361328e+00
-1.984783858060836792e-01 -4.393749833106994629e-01 -1.266844630241394043e+00
-1.923235803842544556e-01 -4.389533698558807373e-01 -1.266612887382507324e+00
-1.862932890653610229e-01 -4.387980103492736816e-01 -1.267096877098083496e+00
-1.799415200948715210e-01 -4.378501474857330322e-01 -1.265240430831909180e+00
-1.736072897911071777e-01 -4.368816018104553223e-01 -1.263273000717163086e+00
-1.673892140388488770e-01 -4.361471533775329590e-01 -1.261933565139770508e+00
-1.612378358840942383e-01 -4.355389475822448730e-01 -1.260913372039794922e+00
-1.552742272615432739e-01 -4.354109168052673340e-01 -1.261240005493164062e+00
-1.491752415895462036e-01 -4.348780512809753418e-01 -1.260352730751037598e+00
-1.431680023670196533e-01 -4.345797598361968994e-01 -1.260105133056640625e+00
-1.374403685331344604e-01 -4.351410567760467529e-01 -1.262313246726989746e+00
-1.318214535713195801e-01 -4.361124634742736816e-01 -1.265677571296691895e+00
-1.260716766119003296e-01 -4.367220401763916016e-01 -1.267959237098693848e+00
-1.200929433107376099e-01 -4.365595281124114990e-01 -1.267966866493225098e+00
-1.140417084097862244e-01 -4.361028373241424561e-01 -1.267087817192077637e+00
-1.083109751343727112e-01 -4.368888735771179199e-01 -1.269789457321166992e+00
-1.024875119328498840e-01 -4.373704195022583008e-01 -1.271578073501586914e+00
-9.666641056537628174e-02 -4.379218518733978271e-01 -1.273542523384094238e+00
-9.077318757772445679e-02 -4.381975531578063965e-01 -1.274678587913513184e+00
-8.509859442710876465e-02 -4.396414458751678467e-01 -1.279188275337219238e+00
-7.972238957881927490e-02 -4.429612159729003906e-01 -1.289133906364440918e+00
-7.416966557502746582e-02 -4.457623660564422607e-01 -1.297549486160278320e+00
-6.822621077299118042e-02 -4.465045928955078125e-01 -1.299949884414672852e+00
-6.230793520808219910e-02 -4.475725293159484863e-01 -1.303276658058166504e+00
-5.637611448764801025e-02 -4.487636387348175049e-01 -1.306940555572509766e+00
-5.039672553539276123e-02 -4.498191177845001221e-01 -1.310188651084899902e+00
-4.458205774426460266e-02 -4.528391361236572266e-01 -1.319138765335083008e+00
-3.829034417867660522e-02 -4.512047767639160156e-01 -1.314510226249694824e+00
-2.493101805448532104e-01 -4.508996605873107910e-01 -1.269756197929382324e+00
-2.380546927452087402e-01 -4.524840712547302246e-01 -1.277254104614257812e+00
-2.319335192441940308e-01 -4.523759484291076660e-01 -1.278364419937133789e+00
-2.254911065101623535e-01 -4.516187608242034912e-01 -1.277572154998779297e+00
-2.177838236093521118e-01 -4.482164978981018066e-01 -1.269222021102905273e+00
-2.109766006469726562e-01 -4.465261697769165039e-01 -1.265644311904907227e+00
-2.044837474822998047e-01 -4.454219043254852295e-01 -1.263661503791809082e+00
-1.981423050165176392e-01 -4.445909559726715088e-01 -1.262392282485961914e+00
-1.921459287405014038e-01 -4.445066750049591064e-01 -1.263186573982238770e+00
-1.858758777379989624e-01 -4.437637329101562500e-01 -1.262054324150085449e+00
-1.795598417520523071e-01 -4.428581297397613525e-01 -1.260405182838439941e+00
-1.732719838619232178e-01 -4.419625103473663330e-01 -1.258731961250305176e+00
-1.672644764184951782e-01 -4.417439103126525879e-01 -1.258937597274780273e+00
-1.614593267440795898e-01 -4.420633018016815186e-01 -1.260631680488586426e+00
-1.553211957216262817e-01 -4.414606094360351562e-01 -1.259652018547058105e+00
-1.489719003438949585e-01 -4.401862025260925293e-01 -1.256711125373840332e+00
-1.430421173572540283e-01 -4.400973618030548096e-01 -1.257112622261047363e+00
-1.373836100101470947e-01 -4.408714175224304199e-01 -1.259941339492797852e+00
-1.318577677011489868e-01 -4.421599805355072021e-01 -1.264205932617187500e+00
-1.261075735092163086e-01 -4.427820742130279541e-01 -1.266531586647033691e+00
-1.201482862234115601e-01 -4.426952004432678223e-01 -1.266795635223388672e+00
-1.141012459993362427e-01 -4.422591924667358398e-01 -1.266026735305786133e+00
-1.082367002964019775e-01 -4.425215423107147217e-01 -1.267224788665771484e+00
-1.025400608777999878e-01 -4.435405731201171875e-01 -1.270560264587402344e+00
-9.670395404100418091e-02 -4.440445899963378906e-01 -1.272392153739929199e+00
-9.095388650894165039e-02 -4.450357556343078613e-01 -1.275592565536499023e+00
-8.527984470129013062e-02 -4.465641975402832031e-01 -1.280307173728942871e+00
-7.996499538421630859e-02 -4.503463506698608398e-01 -1.291459918022155762e+00
-7.403136789798736572e-02 -4.509767591953277588e-01 -1.293551445007324219e+00
-6.819401681423187256e-02 -4.523579776287078857e-01 -1.297772288322448730e+00
-6.229240074753761292e-02 -4.535408914089202881e-01 -1.301400780677795410e+00
-5.604880303144454956e-02 -4.522204101085662842e-01 -1.297822117805480957e+00
-5.045075714588165283e-02 -4.564199149608612061e-01 -1.310062885284423828e+00
-4.426423832774162292e-02 -4.557200372219085693e-01 -1.308219432830810547e+00
-3.795429319143295288e-02 -4.533217847347259521e-01 -1.301477074623107910e+00
-2.420491725206375122e-01 -4.546591639518737793e-01 -1.262084126472473145e+00
-2.316157966852188110e-01 -4.578122794628143311e-01 -1.273846507072448730e+00
-2.252815663814544678e-01 -4.572476446628570557e-01 -1.273678421974182129e+00
-2.182263880968093872e-01 -4.551481306552886963e-01 -1.269162535667419434e+00
-2.113921344280242920e-01 -4.534033536911010742e-01 -1.265562653541564941e+00
-2.044259309768676758e-01 -4.512653648853302002e-01 -1.260794758796691895e+00
-1.983194798231124878e-01 -4.509537816047668457e-01 -1.261065125465393066e+00
-1.920709013938903809e-01 -4.502896368503570557e-01 -1.260291457176208496e+00
-1.856853365898132324e-01 -4.492515921592712402e-01 -1.258413195610046387e+00
-1.791793555021286011e-01 -4.478439092636108398e-01 -1.255442142486572266e+00
-1.733161658048629761e-01 -4.480014741420745850e-01 -1.256806135177612305e+00
-1.675416380167007446e-01 -4.484074711799621582e-01 -1.258819818496704102e+00
-1.615679562091827393e-01 -4.482907652854919434e-01 -1.259319901466369629e+00
-1.551458984613418579e-01 -4.468736648559570312e-01 -1.256119370460510254e+00
-1.488949507474899292e-01 -4.458566904067993164e-01 -1.253996014595031738e+00
-1.429625451564788818e-01 -4.457489848136901855e-01 -1.254386663436889648e+00
-1.374529749155044556e-01 -4.470070898532867432e-01 -1.258582711219787598e+00
-1.317371129989624023e-01 -4.476773440837860107e-01 -1.261087298393249512e+00
-1.260318458080291748e-01 -4.484483301639556885e-01 -1.263840556144714355e+00
-1.199443340301513672e-01 -4.478682577610015869e-01 -1.262750387191772461e+00
-1.140933334827423096e-01 -4.481568634510040283e-01 -1.264074206352233887e+00
-1.082649379968643188e-01 -4.485707581043243408e-01 -1.265718817710876465e+00
-1.025652140378952026e-01 -4.495967030525207520e-01 -1.269059419631958008e+00
-9.671056270599365234e-02 -4.500280320644378662e-01 -1.270691871643066406e+00
-9.077401459217071533e-02 -4.501098096370697021e-01 -1.271307706832885742e+00
-8.536452800035476685e-02 -4.530000090599060059e-01 -1.279828786849975586e+00
-7.963296025991439819e-02 -4.544884264469146729e-01 -1.284364342689514160e+00
-7.333240658044815063e-02 -4.527074098587036133e-01 -1.279632806777954102e+00
-6.758991628885269165e-02 -4.543610513210296631e-01 -1.284582853317260742e+00
-6.204972788691520691e-02 -4.578302502632141113e-01 -1.294642686843872070e+00
-5.617941915988922119e-02 -4.593506753444671631e-01 -1.299168825149536133e+00
-4.979549720883369446e-02 -4.565309584140777588e-01 -1.291394472122192383e+00
-4.392785951495170593e-02 -4.583195745944976807e-01 -1.296630859375000000e+00
-3.739504888653755188e-02 -4.526297152042388916e-01 -1.280684709548950195e+00
-3.081505559384822845e-02 -4.440904557704925537e-01 -1.256649017333984375e+00
-2.291281968355178833e-01 -4.588862657546997070e-01 -1.257280349731445312e+00
-2.189705818891525269e-01 -4.627416133880615234e-01 -1.270692229270935059e+00
-2.115336656570434570e-01 -4.597086310386657715e-01 -1.263683795928955078e+00
-2.046783268451690674e-01 -4.577993452548980713e-01 -1.259689211845397949e+00
-1.984925568103790283e-01 -4.573178291320800781e-01 -1.259557843208312988e+00
-1.921263337135314941e-01 -4.563778042793273926e-01 -1.258103013038635254e+00
-1.855169683694839478e-01 -4.547816514968872070e-01 -1.254778027534484863e+00
-1.794762462377548218e-01 -4.545199573040008545e-01 -1.255077362060546875e+00
-1.735668182373046875e-01 -4.545842409133911133e-01 -1.256224751472473145e+00
-1.676642596721649170e-01 -4.546716809272766113e-01 -1.257386803627014160e+00
-1.612308770418167114e-01 -4.532732069492340088e-01 -1.254389047622680664e+00
-1.550982296466827393e-01 -4.526459276676177979e-01 -1.253475189208984375e+00
-1.490118950605392456e-01 -4.521093368530273438e-01 -1.252765893936157227e+00
-1.431034207344055176e-01 -4.520905017852783203e-01 -1.253447055816650391e+00
-1.375201791524887085e-01 -4.531416296958923340e-01 -1.257054924964904785e+00
-1.316313892602920532e-01 -4.532352387905120850e-01 -1.257967948913574219e+00
-1.256620883941650391e-01 -4.530474543571472168e-01 -1.258061051368713379e+00
-1.197504401206970215e-01 -4.530591666698455811e-01 -1.258670449256896973e+00
-1.140727549791336060e-01 -4.540032446384429932e-01 -1.261834979057312012e+00
-1.082399562001228333e-01 -4.543996453285217285e-01 -1.263444066047668457e+00
-1.025412902235984802e-01 -4.554377496242523193e-01 -1.266804814338684082e+00
-9.656801074743270874e-02 -4.553089439868927002e-01 -1.266887903213500977e+00
-9.070243686437606812e-02 -4.557042717933654785e-01 -1.268398046493530273e+00
-8.486298471689224243e-02 -4.562956392765045166e-01 -1.270423531532287598e+00
-7.934308052062988281e-02 -4.588242173194885254e-01 -1.277815341949462891e+00
-7.338199764490127563e-02 -4.590060710906982422e-01 -1.278644561767578125e+00
-6.744451075792312622e-02 -4.593811035156250000e-01 -1.279983639717102051e+00
-6.156585365533828735e-02 -4.602690637111663818e-01 -1.282725214958190918e+00
-5.623132735490798950e-02 -4.658570885658264160e-01 -1.298541545867919922e+00
-4.983009770512580872e-02 -4.628914892673492432e-01 -1.290490269660949707e+00
-1.984201967716217041e-01 -4.631194472312927246e-01 -1.256339788436889648e+00
-1.916425675153732300e-01 -4.611718952655792236e-01 -1.252237677574157715e+00
-1.854003965854644775e-01 -4.604294896125793457e-01 -1.251345038414001465e+00
-1.796552091836929321e-01 -4.609130620956420898e-01 -1.253729104995727539e+00
-1.735718399286270142e-01 -4.605323374271392822e-01 -1.253709793090820312e+00
-1.671314686536788940e-01 -4.591439366340637207e-01 -1.250892639160156250e+00
-1.612851023674011230e-01 -4.593453109264373779e-01 -1.252354860305786133e+00
-1.550966650247573853e-01 -4.585507810115814209e-01 -1.251052856445312500e+00
-1.491234749555587769e-01 -4.583548307418823242e-01 -1.251336097717285156e+00
-1.435270756483078003e-01 -4.593486189842224121e-01 -1.254824161529541016e+00
-1.374677866697311401e-01 -4.588827192783355713e-01 -1.254282712936401367e+00
-1.315067708492279053e-01 -4.587177336215972900e-01 -1.254520893096923828e+00
-1.255895197391510010e-01 -4.586971402168273926e-01 -1.255113363265991211e+00
-1.198478490114212036e-01 -4.593473970890045166e-01 -1.257503271102905273e+00
-1.141618341207504272e-01 -4.602896571159362793e-01 -1.260656833648681641e+00
-1.085261553525924683e-01 -4.615492522716522217e-01 -1.264645695686340332e+00
-1.026511788368225098e-01 -4.618781507015228271e-01 -1.266050815582275391e+00
-9.658768773078918457e-02 -4.613471925258636475e-01 -1.265064120292663574e+00
-9.065207093954086304e-02 -4.613974392414093018e-01 -1.265637397766113281e+00
-8.473376184701919556e-02 -4.615489542484283447e-01 -1.266456127166748047e+00
-7.899846881628036499e-02 -4.627955257892608643e-01 -1.270249366760253906e+00
-7.322196662425994873e-02 -4.639845788478851318e-01 -1.273855924606323242e+00
-6.727737933397293091e-02 -4.642252624034881592e-01 -1.274829745292663574e+00
-6.178380548954010010e-02 -4.679287672042846680e-01 -1.285286307334899902e+00
-4.924273863434791565e-02 -4.634072482585906982e-01 -1.273348569869995117e+00
-1.954424083232879639e-01 -4.620479345321655273e-01 -1.234616279602050781e+00
-1.734083145856857300e-01 -4.660278856754302979e-01 -1.249825477600097656e+00
-1.669951528310775757e-01 -4.646816849708557129e-01 -1.247221469879150391e+00
-1.605871319770812988e-01 -4.632515311241149902e-01 -1.244335651397705078e+00
-1.552846431732177734e-01 -4.650231301784515381e-01 -1.250001788139343262e+00
-1.495674699544906616e-01 -4.656440317630767822e-01 -1.252531886100769043e+00
-1.435865908861160278e-01 -4.654613137245178223e-01 -1.252855062484741211e+00
-1.377520412206649780e-01 -4.657575786113739014e-01 -1.254423141479492188e+00
-1.316091865301132202e-01 -4.649911820888519287e-01 -1.253085374832153320e+00
-1.256108880043029785e-01 -4.646874964237213135e-01 -1.252950787544250488e+00
-1.196430623531341553e-01 -4.644720852375030518e-01 -1.253013134002685547e+00
-1.142711788415908813e-01 -4.666680097579956055e-01 -1.259543895721435547e+00
-1.083181202411651611e-01 -4.666011333465576172e-01 -1.259931921958923340e+00
-1.025098860263824463e-01 -4.671865403652191162e-01 -1.262044787406921387e+00
-9.667791426181793213e-02 -4.677292108535766602e-01 -1.264007210731506348e+00
-9.022298455238342285e-02 -4.651314318180084229e-01 -1.257446050643920898e+00
-8.466345816850662231e-02 -4.671091437339782715e-01 -1.263219714164733887e+00
-1.558547616004943848e-01 -4.726687669754028320e-01 -1.251856088638305664e+00
-1.519926339387893677e-01 -4.792147576808929443e-01 -1.270109653472900391e+00
-1.461587101221084595e-01 -4.798274934291839600e-01 -1.272602915763854980e+00
-1.381634920835494995e-01 -4.730924069881439209e-01 -1.255550980567932129e+00
-8.334560692310333252e-02 -4.656888842582702637e-01 -1.241249442100524902e+00
-7.870478928089141846e-02 -4.729589819908142090e-01 -1.261043667793273926e+00
-1.394415646791458130e-01 -4.834673404693603516e-01 -1.264358997344970703e+00
-1.309943646192550659e-01 -4.745961129665374756e-01 -1.241954207420349121e+00
