4.083827510476112366e-02 3.286453783512115479e-01 -1.136330962181091309e+00
5.255495011806488037e-02 3.362187147140502930e-01 -1.162475347518920898e+00
5.870157852768898010e-02 3.406219184398651123e-01 -1.177671909332275391e+00
6.429937481880187988e-02 3.413621783256530762e-01 -1.180198550224304199e+00
6.990950554609298706e-02 3.420467376708984375e-01 -1.182526588439941406e+00
7.573721557855606079e-02 3.436188995838165283e-01 -1.187916040420532227e+00
8.126056939363479614e-02 3.436906635761260986e-01 -1.188111066818237305e+00
8.668740093708038330e-02 3.433710336685180664e-01 -1.186944484710693359e+00
9.210354834794998169e-02 3.430497050285339355e-01 -1.185762882232666016e+00
9.739046543836593628e-02 3.423103988170623779e-01 -1.183126091957092285e+00
1.027286201715469360e-01 3.418203890323638916e-01 -1.181340098381042480e+00
1.083244681358337402e-01 3.421940505504608154e-01 -1.182526350021362305e+00
1.134467124938964844e-01 3.411076366901397705e-01 -1.178653836250305176e+00
1.179735660552978516e-01 3.384132683277130127e-01 -1.169211506843566895e+00
1.227738261222839355e-01 3.367055058479309082e-01 -1.163163542747497559e+00
1.273729652166366577e-01 3.346131742000579834e-01 -1.155771613121032715e+00
3.509170562028884888e-02 3.190141320228576660e-01 -1.121090650558471680e+00
4.051904007792472839e-02 3.208510577678680420e-01 -1.127540230751037598e+00
4.617336764931678772e-02 3.238605260848999023e-01 -1.138108253479003906e+00
5.213056877255439758e-02 3.281594514846801758e-01 -1.153204798698425293e+00
5.794670060276985168e-02 3.308534920215606689e-01 -1.162658214569091797e+00
6.353179365396499634e-02 3.318822085857391357e-01 -1.166255235671997070e+00
6.915389746427536011e-02 3.329277932643890381e-01 -1.169907093048095703e+00
7.517968118190765381e-02 3.356235325336456299e-01 -1.179351687431335449e+00
8.043779432773590088e-02 3.347589969635009766e-01 -1.176279425621032715e+00
8.664102852344512939e-02 3.376878499984741211e-01 -1.186529040336608887e+00
9.215846657752990723e-02 3.377536833286285400e-01 -1.186710476875305176e+00
9.749707579612731934e-02 3.371936380863189697e-01 -1.184683918952941895e+00
1.027801036834716797e-01 3.365113735198974609e-01 -1.182217836380004883e+00
1.081003323197364807e-01 3.360137939453125000e-01 -1.180389523506164551e+00
1.133846342563629150e-01 3.354578912258148193e-01 -1.178344130516052246e+00
1.186127960681915283e-01 3.347946107387542725e-01 -1.175908327102661133e+00
1.235637143254280090e-01 3.334414660930633545e-01 -1.171035289764404297e+00
1.281577497720718384e-01 3.312797248363494873e-01 -1.163307547569274902e+00
1.331027746200561523e-01 3.301633596420288086e-01 -1.159234285354614258e+00
1.389315426349639893e-01 3.188598155975341797e-01 -1.119195461273193359e+00
1.417793780565261841e-01 3.136717379093170166e-01 -1.100782036781311035e+00
2.921015582978725433e-02 3.066158592700958252e-01 -1.095360994338989258e+00
3.459401056170463562e-02 3.093679845333099365e-01 -1.105196356773376465e+00
3.966476395726203918e-02 3.089713454246520996e-01 -1.103782653808593750e+00
4.461732879281044006e-02 3.078498840332031250e-01 -1.099778532981872559e+00
4.946410655975341797e-02 3.063032627105712891e-01 -1.094254374504089355e+00
5.465648323297500610e-02 3.069854080677032471e-01 -1.096690297126770020e+00
5.986951664090156555e-02 3.076575696468353271e-01 -1.099088311195373535e+00
6.508756428956985474e-02 3.082481324672698975e-01 -1.101191401481628418e+00
7.045770436525344849e-02 3.094207048416137695e-01 -1.105370044708251953e+00
7.550179213285446167e-02 3.090995550155639648e-01 -1.104207634925842285e+00
8.070627599954605103e-02 3.094340860843658447e-01 -1.105382084846496582e+00
1.274880915880203247e-01 3.110858798027038574e-01 -1.110680103302001953e+00
1.326275914907455444e-01 3.110610246658325195e-01 -1.110456585884094238e+00
1.370355933904647827e-01 3.093865215778350830e-01 -1.104326486587524414e+00
1.433142423629760742e-01 3.119038641452789307e-01 -1.113138318061828613e+00
1.455253660678863525e-01 3.057015538215637207e-01 -1.090812087059020996e+00
2.941263653337955475e-02 3.036299943923950195e-01 -1.102879643440246582e+00
3.449031710624694824e-02 3.033343553543090820e-01 -1.101817011833190918e+00
3.953742608428001404e-02 3.028807640075683594e-01 -1.100181341171264648e+00
4.449076578021049500e-02 3.018945753574371338e-01 -1.096611142158508301e+00
4.948589205741882324e-02 3.013650178909301758e-01 -1.094699740409851074e+00
5.435987934470176697e-02 3.002648353576660156e-01 -1.090714573860168457e+00
5.934124067425727844e-02 2.998944818973541260e-01 -1.089379191398620605e+00
6.424381583929061890e-02 2.992151975631713867e-01 -1.086919784545898438e+00
6.919231265783309937e-02 2.988331019878387451e-01 -1.085537075996398926e+00
7.417130470275878906e-02 2.986255586147308350e-01 -1.084784984588623047e+00
7.927268743515014648e-02 2.989058494567871094e-01 -1.085800766944885254e+00
8.409184962511062622e-02 2.981520295143127441e-01 -1.083054780960083008e+00
8.903393149375915527e-02 2.978944182395935059e-01 -1.082105398178100586e+00
9.417133778333663940e-02 2.982829511165618896e-01 -1.083495855331420898e+00
9.931695461273193359e-02 2.986568212509155273e-01 -1.084825158119201660e+00
1.044129729270935059e-01 2.988527417182922363e-01 -1.085498332977294922e+00
1.093794330954551697e-01 2.986768186092376709e-01 -1.084810972213745117e+00
1.143413558602333069e-01 2.985045611858367920e-01 -1.084125041961669922e+00
1.200479045510292053e-01 3.002088963985443115e-01 -1.090241432189941406e+00
1.258338838815689087e-01 3.019661307334899902e-01 -1.096534967422485352e+00
1.316823810338973999e-01 3.037311434745788574e-01 -1.102839708328247070e+00
1.369121223688125610e-01 3.039903640747070312e-01 -1.103659152984619141e+00
1.417338997125625610e-01 3.033577203750610352e-01 -1.101222038269042969e+00
1.484264880418777466e-01 3.066340088844299316e-01 -1.112953066825866699e+00
2.435927838087081909e-02 2.992303669452667236e-01 -1.105348467826843262e+00
2.948251739144325256e-02 2.992279231548309326e-01 -1.105355739593505859e+00
3.451277315616607666e-02 2.984221875667572021e-01 -1.102398037910461426e+00
3.949281573295593262e-02 2.974461317062377930e-01 -1.098812818527221680e+00
4.447648674249649048e-02 2.967172265052795410e-01 -1.096142172813415527e+00
4.941077157855033875e-02 2.958420813083648682e-01 -1.092932224273681641e+00
5.439287424087524414e-02 2.953893840312957764e-01 -1.091283082962036133e+00
5.928699672222137451e-02 2.945765256881713867e-01 -1.088303327560424805e+00
6.422641128301620483e-02 2.940985858440399170e-01 -1.086559891700744629e+00
6.912820041179656982e-02 2.935303449630737305e-01 -1.084481120109558105e+00
7.422602921724319458e-02 2.938151061534881592e-01 -1.085551738739013672e+00
7.918600738048553467e-02 2.935527265071868896e-01 -1.084597587585449219e+00
8.411122858524322510e-02 2.932005226612091064e-01 -1.083307385444641113e+00
8.901702612638473511e-02 2.928240597248077393e-01 -1.081922650337219238e+00
9.411445260047912598e-02 2.930845022201538086e-01 -1.082885146141052246e+00
9.936219453811645508e-02 2.937629818916320801e-01 -1.085385203361511230e+00
1.043848767876625061e-01 2.937428057193756104e-01 -1.085295319557189941e+00
1.092229336500167847e-01 2.932287752628326416e-01 -1.083371877670288086e+00
1.144132688641548157e-01 2.936641275882720947e-01 -1.084945440292358398e+00
1.198905184864997864e-01 2.947682440280914307e-01 -1.088977813720703125e+00
1.257241666316986084e-01 2.966240346431732178e-01 -1.095773220062255859e+00
1.311062723398208618e-01 2.973116934299468994e-01 -1.098238348960876465e+00
1.364412456750869751e-01 2.978451251983642578e-01 -1.100117206573486328e+00
1.418080031871795654e-01 2.984069585800170898e-01 -1.102083086967468262e+00
1.458463668823242188e-01 2.962315678596496582e-01 -1.093921422958374023e+00
1.496309190988540649e-01 2.937042415142059326e-01 -1.084441542625427246e+00
2.446969039738178253e-02 2.954399883747100830e-01 -1.110140323638916016e+00
2.959793992340564728e-02 2.952558696269989014e-01 -1.109471201896667480e+00
3.456079587340354919e-02 2.937206923961639404e-01 -1.103728532791137695e+00
3.943334892392158508e-02 2.919129431247711182e-01 -1.096964597702026367e+00
4.441125690937042236e-02 2.912090420722961426e-01 -1.094351172447204590e+00
4.945238679647445679e-02 2.910214960575103760e-01 -1.093680262565612793e+00
5.437880754470825195e-02 2.902565300464630127e-01 -1.090840816497802734e+00
5.930144339799880981e-02 2.896033227443695068e-01 -1.088422179222106934e+00
6.413841992616653442e-02 2.886669337749481201e-01 -1.084939479827880859e+00
6.911493837833404541e-02 2.884491384029388428e-01 -1.084156870841979980e+00
7.412026822566986084e-02 2.883728742599487305e-01 -1.083905100822448730e+00
7.909169048070907593e-02 2.881828248500823975e-01 -1.083223581314086914e+00
8.404278755187988281e-02 2.879457473754882812e-01 -1.082362294197082520e+00
8.900346606969833374e-02 2.877664268016815186e-01 -1.081713914871215820e+00
9.401197731494903564e-02 2.877525985240936279e-01 -1.081683039665222168e+00
9.909180551767349243e-02 2.879474461078643799e-01 -1.082430362701416016e+00
1.041863337159156799e-01 2.881641387939453125e-01 -1.083252906799316406e+00
1.092176511883735657e-01 2.881940901279449463e-01 -1.083365201950073242e+00
1.143338754773139954e-01 2.884356677532196045e-01 -1.084263324737548828e+00
1.195582747459411621e-01 2.889182865619659424e-01 -1.086056947708129883e+00
1.251151710748672485e-01 2.901329696178436279e-01 -1.090590119361877441e+00
1.307437121868133545e-01 2.914129495620727539e-01 -1.095355033874511719e+00
1.362177431583404541e-01 2.922658026218414307e-01 -1.098498821258544922e+00
1.415417641401290894e-01 2.927469015121459961e-01 -1.100228548049926758e+00
1.468234062194824219e-01 2.931099832057952881e-01 -1.101496219635009766e+00
1.516059339046478271e-01 2.924856841564178467e-01 -1.099034070968627930e+00
1.920121163129806519e-02 2.884638011455535889e-01 -1.102839231491088867e+00
2.445632778108119965e-02 2.901347279548645020e-01 -1.109251379966735840e+00
2.966119162738323212e-02 2.907323837280273438e-01 -1.111565232276916504e+00
3.455143794417381287e-02 2.885257899761199951e-01 -1.103162288665771484e+00
3.941133618354797363e-02 2.866675555706024170e-01 -1.096095085144042969e+00
4.435025528073310852e-02 2.857430279254913330e-01 -1.092601418495178223e+00
4.934733361005783081e-02 2.853443026542663574e-01 -1.091121315956115723e+00
5.436405166983604431e-02 2.851227819919586182e-01 -1.090321540832519531e+00
5.923082306981086731e-02 2.842193841934204102e-01 -1.086916327476501465e+00
6.412827968597412109e-02 2.835933864116668701e-01 -1.084572792053222656e+00
6.906611472368240356e-02 2.832239568233489990e-01 -1.083211302757263184e+00
7.405199110507965088e-02 2.830882966518402100e-01 -1.082743525505065918e+00
7.905316352844238281e-02 2.830246090888977051e-01 -1.082550048828125000e+00
8.408115059137344360e-02 2.830587923526763916e-01 -1.082729101181030273e+00
8.901558816432952881e-02 2.827918827533721924e-01 -1.081753611564636230e+00
9.399177879095077515e-02 2.826790809631347656e-01 -1.081363558769226074e+00
9.904173761606216431e-02 2.827883064746856689e-01 -1.081817984580993652e+00
1.041350215673446655e-01 2.830047607421875000e-01 -1.082676649093627930e+00
1.091829091310501099e-01 2.830835580825805664e-01 -1.083001613616943359e+00
1.142078340053558350e-01 2.830985486507415771e-01 -1.083073973655700684e+00
1.196519210934638977e-01 2.841075360774993896e-01 -1.086939454078674316e+00
1.251513808965682983e-01 2.851611971855163574e-01 -1.090964674949645996e+00
1.306339949369430542e-01 2.860961556434631348e-01 -1.094523191452026367e+00
1.361667215824127197e-01 2.870668172836303711e-01 -1.098204135894775391e+00
1.420285701751708984e-01 2.886364459991455078e-01 -1.104160547256469727e+00
1.474156230688095093e-01 2.891654968261718750e-01 -1.106118798255920410e+00
1.528095453977584839e-01 2.896720468997955322e-01 -1.107971787452697754e+00
1.578782945871353149e-01 2.895493209362030029e-01 -1.107397198677062988e+00
1.924810558557510376e-02 2.840415537357330322e-01 -1.105184316635131836e+00
2.445150353014469147e-02 2.849346399307250977e-01 -1.108688235282897949e+00
2.954277582466602325e-02 2.844378054141998291e-01 -1.106790184974670410e+00
3.459126129746437073e-02 2.837370932102203369e-01 -1.104104518890380859e+00
3.944166377186775208e-02 2.818018794059753418e-01 -1.096620082855224609e+00
4.434549063444137573e-02 2.806468307971954346e-01 -1.092176318168640137e+00
4.933277145028114319e-02 2.802026569843292236e-01 -1.090503096580505371e+00
5.433614179491996765e-02 2.799239754676818848e-01 -1.089477539062500000e+00
5.924346670508384705e-02 2.792399823665618896e-01 -1.086877703666687012e+00
6.416829675436019897e-02 2.787392735481262207e-01 -1.084993600845336914e+00
6.911730021238327026e-02 2.784087955951690674e-01 -1.083773612976074219e+00
7.410030812025070190e-02 2.782507538795471191e-01 -1.083225727081298828e+00
7.914544641971588135e-02 2.783313095569610596e-01 -1.083606839179992676e+00
8.416772633790969849e-02 2.783266305923461914e-01 -1.083655357360839844e+00
8.906298130750656128e-02 2.779260873794555664e-01 -1.082160711288452148e+00
9.399386495351791382e-02 2.776735126972198486e-01 -1.081239342689514160e+00
9.913071990013122559e-02 2.780242264270782471e-01 -1.082663059234619141e+00
1.042519882321357727e-01 2.782994806766510010e-01 -1.083788275718688965e+00
1.092399135231971741e-01 2.782098650932312012e-01 -1.083486199378967285e+00
1.143198534846305847e-01 2.783521413803100586e-01 -1.084079980850219727e+00
1.196228638291358948e-01 2.790027558803558350e-01 -1.086644768714904785e+00
1.252016276121139526e-01 2.802179455757141113e-01 -1.091398715972900391e+00
1.313529610633850098e-01 2.825705409049987793e-01 -1.100571155548095703e+00
1.368147730827331543e-01 2.833193242549896240e-01 -1.103483915328979492e+00
1.421534419059753418e-01 2.837683856487274170e-01 -1.105214834213256836e+00
1.474413126707077026e-01 2.840882837772369385e-01 -1.106426239013671875e+00
1.530032306909561157e-01 2.848970293998718262e-01 -1.109523534774780273e+00
1.582437902688980103e-01 2.850741744041442871e-01 -1.110141396522521973e+00
1.413821615278720856e-02 2.792479693889617920e-01 -1.106070876121520996e+00
1.936850510537624359e-02 2.806594073772430420e-01 -1.111687898635864258e+00
2.448787167668342590e-02 2.802079021930694580e-01 -1.109933376312255859e+00
2.948763594031333923e-02 2.787825763225555420e-01 -1.104328751564025879e+00
3.457248210906982422e-02 2.784645557403564453e-01 -1.103117346763610840e+00
3.954563289880752563e-02 2.774449586868286133e-01 -1.099133014678955078e+00
4.442537948489189148e-02 2.760778069496154785e-01 -1.093777537345886230e+00
4.935577884316444397e-02 2.752735316753387451e-01 -1.090656995773315430e+00
5.432713776826858521e-02 2.748259902000427246e-01 -1.088954806327819824e+00
5.927796661853790283e-02 2.743595540523529053e-01 -1.087181925773620605e+00
6.420671939849853516e-02 2.738721370697021484e-01 -1.085329174995422363e+00
6.919810175895690918e-02 2.737033069133758545e-01 -1.084741473197937012e+00
7.415819913148880005e-02 2.734420001506805420e-01 -1.083789587020874023e+00
7.903030514717102051e-02 2.729099988937377930e-01 -1.081765532493591309e+00
8.428853750228881836e-02 2.736953198909759521e-01 -1.084963560104370117e+00
8.904766291379928589e-02 2.728627622127532959e-01 -1.081747293472290039e+00
9.393297880887985229e-02 2.724851071834564209e-01 -1.080332279205322266e+00
9.921933710575103760e-02 2.732501029968261719e-01 -1.083444952964782715e+00
1.043659150600433350e-01 2.735750079154968262e-01 -1.084809064865112305e+00
1.094232499599456787e-01 2.736468315124511719e-01 -1.085164427757263184e+00
1.145055219531059265e-01 2.737720310688018799e-01 -1.085724949836730957e+00
1.194064170122146606e-01 2.734712064266204834e-01 -1.084588408470153809e+00
1.248143985867500305e-01 2.743091583251953125e-01 -1.087959051132202148e+00
1.304136514663696289e-01 2.754861116409301758e-01 -1.092664122581481934e+00
1.356348693370819092e-01 2.758063375949859619e-01 -1.093959331512451172e+00
1.417619436979293823e-01 2.778791189193725586e-01 -1.102192401885986328e+00
1.473215371370315552e-01 2.787340879440307617e-01 -1.105579853057861328e+00
1.524128019809722900e-01 2.786752581596374512e-01 -1.105326056480407715e+00
1.579117923974990845e-01 2.793415188789367676e-01 -1.107929587364196777e+00
1.605644524097442627e-01 2.750892937183380127e-01 -1.091005802154541016e+00
1.433168444782495499e-02 2.778660953044891357e-01 -1.120732545852661133e+00
1.943584531545639038e-02 2.764584720134735107e-01 -1.115085363388061523e+00
2.453430742025375366e-02 2.755789756774902344e-01 -1.111577153205871582e+00
2.959597297012805939e-02 2.746636569499969482e-01 -1.107932686805725098e+00
3.457110375165939331e-02 2.733351886272430420e-01 -1.102629542350769043e+00
3.964606299996376038e-02 2.730368673801422119e-01 -1.101489424705505371e+00
4.447598382830619812e-02 2.713118791580200195e-01 -1.094600796699523926e+00
4.932034015655517578e-02 2.700196504592895508e-01 -1.089463829994201660e+00
5.424969643354415894e-02 2.693898081779479980e-01 -1.087005138397216797e+00
5.924971401691436768e-02 2.691881656646728516e-01 -1.086279511451721191e+00
6.426130235195159912e-02 2.690666019916534424e-01 -1.085881590843200684e+00
6.926901638507843018e-02 2.689476907253265381e-01 -1.085498332977294922e+00
7.419358938932418823e-02 2.685439288616180420e-01 -1.083968400955200195e+00
7.914230972528457642e-02 2.682732641696929932e-01 -1.082977652549743652e+00
8.396246284246444702e-02 2.676251232624053955e-01 -1.080464124679565430e+00
8.889339864253997803e-02 2.673832178115844727e-01 -1.079590678215026855e+00
9.392984956502914429e-02 2.674675881862640381e-01 -1.080033659934997559e+00
9.915940463542938232e-02 2.680654525756835938e-01 -1.082548737525939941e+00
1.045097708702087402e-01 2.689165771007537842e-01 -1.086083889007568359e+00
1.095093190670013428e-01 2.688282132148742676e-01 -1.085821032524108887e+00
1.142598316073417664e-01 2.681631445884704590e-01 -1.083222985267639160e+00
1.194456070661544800e-01 2.685326337814331055e-01 -1.084797143936157227e+00
1.248075440526008606e-01 2.692522704601287842e-01 -1.087777972221374512e+00
1.301449239253997803e-01 2.698651552200317383e-01 -1.090318202972412109e+00
1.356784254312515259e-01 2.708236277103424072e-01 -1.094244122505187988e+00
1.414065212011337280e-01 2.720875144004821777e-01 -1.099391818046569824e+00
1.469671577215194702e-01 2.729524672031402588e-01 -1.102913498878479004e+00
1.525467485189437866e-01 2.737933099269866943e-01 -1.106322169303894043e+00
1.578683555126190186e-01 2.741315066814422607e-01 -1.107681989669799805e+00
1.623943597078323364e-01 2.731103301048278809e-01 -1.103529810905456543e+00
1.432264968752861023e-02 2.724910676479339600e-01 -1.119498133659362793e+00
1.949752122163772583e-02 2.721425294876098633e-01 -1.118100523948669434e+00
2.457312494516372681e-02 2.708465158939361572e-01 -1.112820029258728027e+00
2.960213460028171539e-02 2.695766091346740723e-01 -1.107656121253967285e+00
3.465016931295394897e-02 2.688303291797637939e-01 -1.104652762413024902e+00
3.954389691352844238e-02 2.672337293624877930e-01 -1.098163843154907227e+00
4.446447640657424927e-02 2.661626338958740234e-01 -1.093841910362243652e+00
4.935283586382865906e-02 2.651380300521850586e-01 -1.089718461036682129e+00
5.427278578281402588e-02 2.644579112529754639e-01 -1.087017416954040527e+00
5.928742885589599609e-02 2.643156945705413818e-01 -1.086533546447753906e+00
6.427486240863800049e-02 2.640839517116546631e-01 -1.085687637329101562e+00
6.929891556501388550e-02 2.640254497528076172e-01 -1.085558652877807617e+00
7.425827533006668091e-02 2.637450993061065674e-01 -1.084521651268005371e+00
7.917328923940658569e-02 2.633528411388397217e-01 -1.083027601242065430e+00
8.403465151786804199e-02 2.628395855426788330e-01 -1.081037759780883789e+00
8.886778354644775391e-02 2.623008191585540771e-01 -1.078943967819213867e+00
9.397653490304946899e-02 2.625896334648132324e-01 -1.080254554748535156e+00
9.927591681480407715e-02 2.633549273014068604e-01 -1.083524823188781738e+00
1.044680252671241760e-01 2.637756168842315674e-01 -1.085376024246215820e+00
1.093133911490440369e-01 2.633223533630371094e-01 -1.083627820014953613e+00
1.143560335040092468e-01 2.633632719516754150e-01 -1.083908557891845703e+00
1.195134073495864868e-01 2.636538445949554443e-01 -1.085211157798767090e+00
1.247849017381668091e-01 2.641625404357910156e-01 -1.087404727935791016e+00
1.301956623792648315e-01 2.649150788784027100e-01 -1.090593814849853516e+00
1.357280761003494263e-01 2.658496797084808350e-01 -1.094522953033447266e+00
1.414040029048919678e-01 2.669878602027893066e-01 -1.099278926849365234e+00
1.468065828084945679e-01 2.675487399101257324e-01 -1.101645231246948242e+00
1.527175456285476685e-01 2.689672708511352539e-01 -1.107528328895568848e+00
1.583892107009887695e-01 2.698858380317687988e-01 -1.111336112022399902e+00
1.636280715465545654e-01 2.700322568416595459e-01 -1.111946105957031250e+00
1.659671515226364136e-01 2.655303776264190674e-01 -1.093395113945007324e+00
9.078581817448139191e-03 2.659953832626342773e-01 -1.113467693328857422e+00
1.430130936205387115e-02 2.668929994106292725e-01 -1.117251634597778320e+00
1.948374696075916290e-02 2.667607963085174561e-01 -1.116736292839050293e+00
2.457482740283012390e-02 2.656964957714080811e-01 -1.112329959869384766e+00
2.962004579603672028e-02 2.645923793315887451e-01 -1.107767701148986816e+00
3.462008014321327209e-02 2.634713649749755859e-01 -1.103144645690917969e+00
3.957421705126762390e-02 2.623352110385894775e-01 -1.098467469215393066e+00
4.452146589756011963e-02 2.614181935787200928e-01 -1.094717025756835938e+00
4.945364221930503845e-02 2.606097459793090820e-01 -1.091429591178894043e+00
5.435761436820030212e-02 2.598168253898620605e-01 -1.088214993476867676e+00
5.929389595985412598e-02 2.593001425266265869e-01 -1.086164355278015137e+00
6.431673467159271240e-02 2.592132985591888428e-01 -1.085921049118041992e+00
6.922684609889984131e-02 2.587178051471710205e-01 -1.083971619606018066e+00
7.414407283067703247e-02 2.583142817020416260e-01 -1.082412242889404297e+00
7.913149893283843994e-02 2.581909894943237305e-01 -1.082031369209289551e+00
8.387936651706695557e-02 2.573474645614624023e-01 -1.078634977340698242e+00
8.902190625667572021e-02 2.577416896820068359e-01 -1.080428361892700195e+00
9.411012381315231323e-02 2.579449117183685303e-01 -1.081422924995422363e+00
9.923949092626571655e-02 2.582346498966217041e-01 -1.082780718803405762e+00
1.042908132076263428e-01 2.583031952381134033e-01 -1.083210110664367676e+00
1.094483509659767151e-01 2.586163878440856934e-01 -1.084663391113281250e+00
1.144265159964561462e-01 2.584968507289886475e-01 -1.084298372268676758e+00
1.195910871028900146e-01 2.587907314300537109e-01 -1.085662961006164551e+00
1.247634366154670715e-01 2.590770423412322998e-01 -1.086989521980285645e+00
1.299768537282943726e-01 2.594230771064758301e-01 -1.088559389114379883e+00
1.356175690889358521e-01 2.605642080307006836e-01 -1.093456983566284180e+00
1.415550857782363892e-01 2.621728777885437012e-01 -1.100306749343872070e+00
1.472729146480560303e-01 2.632768452167510986e-01 -1.105027198791503906e+00
1.522598564624786377e-01 2.630439698696136475e-01 -1.104122519493103027e+00
1.588708311319351196e-01 2.655406892299652100e-01 -1.114660143852233887e+00
1.643820703029632568e-01 2.660999000072479248e-01 -1.117047429084777832e+00
1.666798293590545654e-01 2.615818381309509277e-01 -1.098101496696472168e+00
9.091950021684169769e-03 2.612048387527465820e-01 -1.114478349685668945e+00
1.429950445890426636e-02 2.616678476333618164e-01 -1.116482973098754883e+00
1.945798844099044800e-02 2.612254619598388672e-01 -1.114637374877929688e+00
2.457703277468681335e-02 2.605510652065277100e-01 -1.111813783645629883e+00
2.963190525770187378e-02 2.595489323139190674e-01 -1.107603788375854492e+00
3.465943038463592529e-02 2.586394846439361572e-01 -1.103800296783447266e+00
3.956967219710350037e-02 2.572022378444671631e-01 -1.097754955291748047e+00
4.453532770276069641e-02 2.564124166965484619e-01 -1.094482541084289551e+00
4.954861849546432495e-02 2.560306489467620850e-01 -1.092961907386779785e+00
5.441149324178695679e-02 2.550149261951446533e-01 -1.088743567466735840e+00
5.934062227606773376e-02 2.544561326503753662e-01 -1.086484193801879883e+00
6.425337493419647217e-02 2.539202272891998291e-01 -1.084329962730407715e+00
6.917199492454528809e-02 2.534837722778320312e-01 -1.082607150077819824e+00
7.413412630558013916e-02 2.532551288604736328e-01 -1.081777811050415039e+00
7.906322181224822998e-02 2.529497742652893066e-01 -1.080625891685485840e+00
8.403074741363525391e-02 2.527965307235717773e-01 -1.080127835273742676e+00
8.902307599782943726e-02 2.527309358119964600e-01 -1.080007672309875488e+00
9.411872178316116333e-02 2.529500126838684082e-01 -1.081106305122375488e+00
9.915802627801895142e-02 2.530031502246856689e-01 -1.081497073173522949e+00
1.043192893266677856e-01 2.533473372459411621e-01 -1.083132266998291016e+00
1.094603985548019409e-01 2.536132037639617920e-01 -1.084431767463684082e+00
1.146479919552803040e-01 2.539587020874023438e-01 -1.086069345474243164e+00
1.195305138826370239e-01 2.536277472972869873e-01 -1.084810256958007812e+00
1.248132213950157166e-01 2.541383802890777588e-01 -1.087145566940307617e+00
1.300815492868423462e-01 2.545812129974365234e-01 -1.089184761047363281e+00
1.353972852230072021e-01 2.550802528858184814e-01 -1.091456532478332520e+00
1.412544548511505127e-01 2.565266191959381104e-01 -1.097772836685180664e+00
1.472125351428985596e-01 2.580492794513702393e-01 -1.104405522346496582e+00
1.528180688619613647e-01 2.588723599910736084e-01 -1.108031868934631348e+00
1.583943217992782593e-01 2.595939338207244873e-01 -1.111209511756896973e+00
1.644710451364517212e-01 2.610644400119781494e-01 -1.117576599121093750e+00
1.691867858171463013e-01 2.603508532047271729e-01 -1.114575624465942383e+00
3.918279893696308136e-03 2.565844953060150146e-01 -1.116229772567749023e+00
9.118873625993728638e-03 2.567807435989379883e-01 -1.117101311683654785e+00
1.432452630251646042e-02 2.569251954555511475e-01 -1.117761492729187012e+00
1.946819014847278595e-02 2.561770379543304443e-01 -1.114552259445190430e+00
2.457184530794620514e-02 2.553278207778930664e-01 -1.110916972160339355e+00
2.964965067803859711e-02 2.545518875122070312e-01 -1.107613086700439453e+00
3.455586358904838562e-02 2.527506053447723389e-01 -1.099859714508056641e+00
3.952783346176147461e-02 2.518328428268432617e-01 -1.095962643623352051e+00
4.456407576799392700e-02 2.514874935150146484e-01 -1.094567894935607910e+00
4.957105964422225952e-02 2.510647177696228027e-01 -1.092847108840942383e+00
5.451864749193191528e-02 2.504477202892303467e-01 -1.090291142463684082e+00
5.939096957445144653e-02 2.496193647384643555e-01 -1.086824059486389160e+00
6.429167091846466064e-02 2.490308433771133423e-01 -1.084409356117248535e+00
6.918501853942871094e-02 2.485014647245407104e-01 -1.082259774208068848e+00
7.425589114427566528e-02 2.486383020877838135e-01 -1.083018898963928223e+00
7.917533814907073975e-02 2.482828795909881592e-01 -1.081640124320983887e+00
8.414476364850997925e-02 2.481172829866409302e-01 -1.081093311309814453e+00
8.907036483287811279e-02 2.478483915328979492e-01 -1.080100536346435547e+00
9.401635825634002686e-02 2.476618736982345581e-01 -1.079469799995422363e+00
9.912440180778503418e-02 2.478995025157928467e-01 -1.080689907073974609e+00
1.043169796466827393e-01 2.483154982328414917e-01 -1.082688808441162109e+00
1.094605997204780579e-01 2.485820353031158447e-01 -1.084036350250244141e+00
1.145022884011268616e-01 2.486038506031036377e-01 -1.084315299987792969e+00
1.196251362562179565e-01 2.487926036119461060e-01 -1.085319519042968750e+00
1.247311905026435852e-01 2.489326000213623047e-01 -1.086106777191162109e+00
1.302981525659561157e-01 2.499458789825439453e-01 -1.090699076652526855e+00
1.356584429740905762e-01 2.505017518997192383e-01 -1.093289017677307129e+00
1.409895122051239014e-01 2.509655952453613281e-01 -1.095468997955322266e+00
1.465944796800613403e-01 2.518677413463592529e-01 -1.099552392959594727e+00
1.524773985147476196e-01 2.531707286834716797e-01 -1.105374574661254883e+00
1.583228856325149536e-01 2.543289065361022949e-01 -1.110551476478576660e+00
1.642675846815109253e-01 2.555684745311737061e-01 -1.116068959236145020e+00
1.694797575473785400e-01 2.556274533271789551e-01 -1.116413474082946777e+00
1.743564009666442871e-01 2.551918327808380127e-01 -1.114578127861022949e+00
3.927617799490690231e-03 2.519899904727935791e-01 -1.118165969848632812e+00
9.145532734692096710e-03 2.523186504840850830e-01 -1.119643688201904297e+00
1.434723008424043655e-02 2.521236538887023926e-01 -1.118813037872314453e+00
1.947283372282981873e-02 2.510515451431274414e-01 -1.114104866981506348e+00
2.452567778527736664e-02 2.496896386146545410e-01 -1.108125209808349609e+00
2.953456155955791473e-02 2.484313398599624634e-01 -1.102618932723999023e+00
3.468618541955947876e-02 2.485685050487518311e-01 -1.103319764137268066e+00
3.955596685409545898e-02 2.469110339879989624e-01 -1.096067667007446289e+00
4.456652328372001648e-02 2.464105486869812012e-01 -1.093963503837585449e+00
4.959209263324737549e-02 2.460871934890747070e-01 -1.092657804489135742e+00
5.451619625091552734e-02 2.453672885894775391e-01 -1.089602351188659668e+00
5.942804738879203796e-02 2.447194010019302368e-01 -1.086877107620239258e+00
6.434082239866256714e-02 2.441766411066055298e-01 -1.084627985954284668e+00
6.926886737346649170e-02 2.437665164470672607e-01 -1.082976698875427246e+00
7.404907792806625366e-02 2.429270446300506592e-01 -1.079425454139709473e+00
7.925898581743240356e-02 2.435142844915390015e-01 -1.082221150398254395e+00
8.415186405181884766e-02 2.431155443191528320e-01 -1.080641269683837891e+00
8.896705508232116699e-02 2.425499111413955688e-01 -1.078324317932128906e+00
9.396407753229141235e-02 2.425138950347900391e-01 -1.078365683555603027e+00
9.903508424758911133e-02 2.426628321409225464e-01 -1.079232692718505859e+00
1.042100116610527039e-01 2.430397719144821167e-01 -1.081115841865539551e+00
1.093911975622177124e-01 2.433959692716598511e-01 -1.082908153533935547e+00
1.145505309104919434e-01 2.436743825674057007e-01 -1.084354162216186523e+00
1.195685192942619324e-01 2.436413168907165527e-01 -1.084412217140197754e+00
1.247447282075881958e-01 2.439203411340713501e-01 -1.085855841636657715e+00
1.302152425050735474e-01 2.447308003902435303e-01 -1.089661240577697754e+00
1.357347369194030762e-01 2.455693036317825317e-01 -1.093586206436157227e+00
1.409303843975067139e-01 2.457825690507888794e-01 -1.094719409942626953e+00
1.464090645313262939e-01 2.464574575424194336e-01 -1.097899556159973145e+00
1.523163318634033203e-01 2.477841824293136597e-01 -1.103973388671875000e+00
1.579361855983734131e-01 2.485722899436950684e-01 -1.107635498046875000e+00
1.637336164712905884e-01 2.495814561843872070e-01 -1.112268567085266113e+00
1.695634275674819946e-01 2.505768537521362305e-01 -1.116824269294738770e+00
1.747874021530151367e-01 2.506444752216339111e-01 -1.117226481437683105e+00
-1.267617451958358288e-03 2.447054982185363770e-01 -1.107985496520996094e+00
3.942158073186874390e-03 2.476975917816162109e-01 -1.121537327766418457e+00
9.176735766232013702e-03 2.479489296674728394e-01 -1.122696280479431152e+00
1.435259170830249786e-02 2.470071762800216675e-01 -1.118469238281250000e+00
1.947330869734287262e-02 2.458709031343460083e-01 -1.113377451896667480e+00
2.454926259815692902e-02 2.447663247585296631e-01 -1.108444452285766602e+00
2.957488782703876495e-02 2.436310201883316040e-01 -1.103387475013732910e+00
3.461661934852600098e-02 2.429449409246444702e-01 -1.100379228591918945e+00
3.956957161426544189e-02 2.418930977582931519e-01 -1.095728278160095215e+00
4.455823451280593872e-02 2.412749379873275757e-01 -1.093055129051208496e+00
4.949577897787094116e-02 2.405350655317306519e-01 -1.089843273162841797e+00
5.444850772619247437e-02 2.399997413158416748e-01 -1.087570071220397949e+00
5.940953269600868225e-02 2.395889610052108765e-01 -1.085872888565063477e+00
6.430286914110183716e-02 2.389910072088241577e-01 -1.083337664604187012e+00
6.913787126541137695e-02 2.382789552211761475e-01 -1.080294728279113770e+00
7.419099658727645874e-02 2.383642196655273438e-01 -1.080875515937805176e+00
7.907481491565704346e-02 2.379292398691177368e-01 -1.079105377197265625e+00
8.417925983667373657e-02 2.381704151630401611e-01 -1.080409169197082520e+00
8.902928233146667480e-02 2.377051115036010742e-01 -1.078514218330383301e+00
9.396189451217651367e-02 2.374981790781021118e-01 -1.077796220779418945e+00
9.902263432741165161e-02 2.376196384429931641e-01 -1.078572630882263184e+00
1.041689813137054443e-01 2.379249483346939087e-01 -1.080186605453491211e+00
1.093580573797225952e-01 2.382953017950057983e-01 -1.082098007202148438e+00
1.145605668425559998e-01 2.386610805988311768e-01 -1.083989620208740234e+00
1.195963025093078613e-01 2.386632561683654785e-01 -1.084228634834289551e+00
1.247000172734260559e-01 2.387954145669937134e-01 -1.085055947303771973e+00
1.301620602607727051e-01 2.395768612623214722e-01 -1.088830113410949707e+00
1.356082856655120850e-01 2.402718961238861084e-01 -1.092207074165344238e+00
1.408705413341522217e-01 2.406025826930999756e-01 -1.093921542167663574e+00
1.462128311395645142e-01 2.410422265529632568e-01 -1.096123099327087402e+00
1.520627737045288086e-01 2.422611415386199951e-01 -1.101858973503112793e+00
1.576367914676666260e-01 2.429754436016082764e-01 -1.105288743972778320e+00
1.632999926805496216e-01 2.437779009342193604e-01 -1.109106302261352539e+00
1.698695123195648193e-01 2.458430230617523193e-01 -1.118654370307922363e+00
1.753119677305221558e-01 2.462029606103897095e-01 -1.120426535606384277e+00
-1.269982894882559776e-03 2.399903237819671631e-01 -1.109253644943237305e+00
3.950519952923059464e-03 2.429866492748260498e-01 -1.123107314109802246e+00
9.181510657072067261e-03 2.428446412086486816e-01 -1.122473359107971191e+00
1.433342602103948593e-02 2.414735704660415649e-01 -1.116175889968872070e+00
1.948189921677112579e-02 2.407903671264648438e-01 -1.113074898719787598e+00
2.456917427480220795e-02 2.397972345352172852e-01 -1.108558058738708496e+00
2.962875552475452423e-02 2.389259487390518188e-01 -1.104620575904846191e+00
3.455759584903717041e-02 2.374144345521926880e-01 -1.097738385200500488e+00
3.959916159510612488e-02 2.369673401117324829e-01 -1.095792651176452637e+00
4.457947239279747009e-02 2.362976968288421631e-01 -1.092832446098327637e+00
4.950618371367454529e-02 2.355104088783264160e-01 -1.089341759681701660e+00
5.447297543287277222e-02 2.350424379110336304e-01 -1.087341070175170898e+00
5.941294878721237183e-02 2.345482409000396729e-01 -1.085231423377990723e+00
6.429493427276611328e-02 2.339205294847488403e-01 -1.082515478134155273e+00
6.915371119976043701e-02 2.333057969808578491e-01 -1.079870104789733887e+00
7.410779595375061035e-02 2.330741733312606812e-01 -1.079007387161254883e+00
7.926075160503387451e-02 2.334576696157455444e-01 -1.081002116203308105e+00
8.417005836963653564e-02 2.331206053495407104e-01 -1.079668760299682617e+00
8.918564766645431519e-02 2.330992966890335083e-01 -1.079804778099060059e+00
9.409317374229431152e-02 2.328128665685653687e-01 -1.078718543052673340e+00
9.899947792291641235e-02 2.325525879859924316e-01 -1.077757835388183594e+00
1.041470319032669067e-01 2.328567653894424438e-01 -1.079416871070861816e+00
1.094257459044456482e-01 2.334127575159072876e-01 -1.082246541976928711e+00
1.147388219833374023e-01 2.339899688959121704e-01 -1.085176825523376465e+00
1.197851970791816711e-01 2.339975535869598389e-01 -1.085465788841247559e+00
1.247984543442726135e-01 2.339424788951873779e-01 -1.085462093353271484e+00
1.302597969770431519e-01 2.346990108489990234e-01 -1.089221596717834473e+00
1.356334388256072998e-01 2.352469116449356079e-01 -1.092009305953979492e+00
1.409792453050613403e-01 2.357087433338165283e-01 -1.094392061233520508e+00
1.462896764278411865e-01 2.360813766717910767e-01 -1.096353411674499512e+00
1.518118083477020264e-01 2.367591261863708496e-01 -1.099722743034362793e+00
1.572106182575225830e-01 2.372067421674728394e-01 -1.102012515068054199e+00
1.627684980630874634e-01 2.378586232662200928e-01 -1.105238556861877441e+00
1.700212806463241577e-01 2.408718615770339966e-01 -1.119424700736999512e+00
1.752867698669433594e-01 2.409745752811431885e-01 -1.120069265365600586e+00
1.786423474550247192e-01 2.385212630033493042e-01 -1.108812451362609863e+00
-6.439992692321538925e-03 2.347536981105804443e-01 -1.108126044273376465e+00
-1.282999408431351185e-03 2.372252941131591797e-01 -1.119778871536254883e+00
3.963945433497428894e-03 2.385582476854324341e-01 -1.126075625419616699e+00
9.163072332739830017e-03 2.371341735124588013e-01 -1.119377255439758301e+00
1.433255989104509354e-02 2.362555563449859619e-01 -1.115272283554077148e+00
1.950089260935783386e-02 2.358310073614120483e-01 -1.113329052925109863e+00
2.460055053234100342e-02 2.349292188882827759e-01 -1.109150767326354980e+00
2.955486625432968140e-02 2.331940829753875732e-01 -1.101055026054382324e+00
3.461794182658195496e-02 2.327038198709487915e-01 -1.098853468894958496e+00
3.963178396224975586e-02 2.320517152547836304e-01 -1.095904111862182617e+00
4.455580189824104309e-02 2.310827374458312988e-01 -1.091473460197448730e+00
4.954987019300460815e-02 2.306385040283203125e-01 -1.089535951614379883e+00
5.450854077935218811e-02 2.301274240016937256e-01 -1.087297081947326660e+00
5.945802107453346252e-02 2.296677976846694946e-01 -1.085314631462097168e+00
6.429015845060348511e-02 2.288625389337539673e-01 -1.081711173057556152e+00
6.912358850240707397e-02 2.281786352396011353e-01 -1.078692197799682617e+00
7.418724149465560913e-02 2.282958924770355225e-01 -1.079471826553344727e+00
7.928796112537384033e-02 2.285051047801971436e-01 -1.080696821212768555e+00
8.440168201923370361e-02 2.287245541810989380e-01 -1.081980109214782715e+00
8.931937813758850098e-02 2.284179925918579102e-01 -1.080783367156982422e+00
9.418813884258270264e-02 2.280256599187850952e-01 -1.079187035560607910e+00
9.906249493360519409e-02 2.276859134435653687e-01 -1.077844738960266113e+00
1.041319221258163452e-01 2.278056293725967407e-01 -1.078681826591491699e+00
1.093896552920341492e-01 2.283073812723159790e-01 -1.081332087516784668e+00
1.148679479956626892e-01 2.292051166296005249e-01 -1.085861206054687500e+00
1.198379620909690857e-01 2.290557771921157837e-01 -1.085431337356567383e+00
1.248421892523765564e-01 2.289812266826629639e-01 -1.085354685783386230e+00
1.299928277730941772e-01 2.291706055402755737e-01 -1.086526632308959961e+00
1.356374919414520264e-01 2.301841825246810913e-01 -1.091603636741638184e+00
1.410503983497619629e-01 2.307456433773040771e-01 -1.094532608985900879e+00
1.463944911956787109e-01 2.311593294143676758e-01 -1.096754312515258789e+00
1.513427048921585083e-01 2.309411615133285522e-01 -1.095969319343566895e+00
1.571666747331619263e-01 2.320300489664077759e-01 -1.101377129554748535e+00
1.624637842178344727e-01 2.322970777750015259e-01 -1.102872610092163086e+00
1.680061519145965576e-01 2.328877300024032593e-01 -1.105890750885009766e+00
1.749099642038345337e-01 2.352747023105621338e-01 -1.117424845695495605e+00
1.792250573635101318e-01 2.341423779726028442e-01 -1.112226843833923340e+00
-6.497224792838096619e-03 2.316236495971679688e-01 -1.117098331451416016e+00
-1.287739374674856663e-03 2.328576147556304932e-01 -1.123034477233886719e+00
3.959030378609895706e-03 2.330148071050643921e-01 -1.123797774314880371e+00
9.160492569208145142e-03 2.318460941314697266e-01 -1.118186473846435547e+00
1.435428857803344727e-02 2.314024120569229126e-01 -1.116091728210449219e+00
1.950397342443466187e-02 2.306733578443527222e-01 -1.112640142440795898e+00
2.456011250615119934e-02 2.293773293495178223e-01 -1.106472492218017578e+00
2.959782630205154419e-02 2.283895760774612427e-01 -1.101809978485107422e+00
3.462747484445571899e-02 2.276412844657897949e-01 -1.098320484161376953e+00
3.959310799837112427e-02 2.267193794250488281e-01 -1.094010472297668457e+00
4.457344859838485718e-02 2.260827273130416870e-01 -1.091093182563781738e+00
4.951520636677742004e-02 2.254009842872619629e-01 -1.087974071502685547e+00
5.452454462647438049e-02 2.251250296831130981e-01 -1.086828947067260742e+00
5.945065617561340332e-02 2.245816290378570557e-01 -1.084407091140747070e+00
6.426591426134109497e-02 2.237375229597091675e-01 -1.080546259880065918e+00
6.921502947807312012e-02 2.234482914209365845e-01 -1.079377770423889160e+00
7.426396012306213379e-02 2.234986573457717896e-01 -1.079861640930175781e+00
7.932274043560028076e-02 2.235703915357589722e-01 -1.080460548400878906e+00
8.441519737243652344e-02 2.237228006124496460e-01 -1.081459879875183105e+00
8.930248767137527466e-02 2.233449369668960571e-01 -1.079905033111572266e+00
9.415359050035476685e-02 2.229216992855072021e-01 -1.078137755393981934e+00
9.911517053842544556e-02 2.227896302938461304e-01 -1.077784776687622070e+00
1.042611971497535706e-01 2.230648994445800781e-01 -1.079408168792724609e+00
1.093588545918464661e-01 2.232161313295364380e-01 -1.080436110496520996e+00
1.146259978413581848e-01 2.236848175525665283e-01 -1.083004236221313477e+00
1.198366209864616394e-01 2.240084111690521240e-01 -1.084872126579284668e+00
1.249036416411399841e-01 2.240482419729232788e-01 -1.085366249084472656e+00
1.300838589668273926e-01 2.242801636457443237e-01 -1.086789608001708984e+00
1.355054527521133423e-01 2.248953282833099365e-01 -1.090067982673645020e+00
1.410806030035018921e-01 2.257118374109268188e-01 -1.094319105148315430e+00
1.462065279483795166e-01 2.257778644561767578e-01 -1.094926238059997559e+00
1.517002880573272705e-01 2.263883948326110840e-01 -1.098166346549987793e+00
1.571132838726043701e-01 2.268425971269607544e-01 -1.100639343261718750e+00
1.627378314733505249e-01 2.275640517473220825e-01 -1.104398369789123535e+00
1.686514019966125488e-01 2.286332249641418457e-01 -1.109833121299743652e+00
1.749095916748046875e-01 2.300923913717269897e-01 -1.117147684097290039e+00
1.813128441572189331e-01 2.316529452800750732e-01 -1.124939560890197754e+00
1.832672506570816040e-01 2.276011258363723755e-01 -1.105454921722412109e+00
-6.535789463669061661e-03 2.277511805295944214e-01 -1.122816205024719238e+00
-1.292034052312374115e-03 2.283726334571838379e-01 -1.125863909721374512e+00
3.956863656640052795e-03 2.276425063610076904e-01 -1.122269988059997559e+00
9.170012548565864563e-03 2.268602997064590454e-01 -1.118440508842468262e+00
1.434827502816915512e-02 2.260963171720504761e-01 -1.114721655845642090e+00
1.946043595671653748e-02 2.249751538038253784e-01 -1.109262228012084961e+00
2.455006353557109833e-02 2.241198718547821045e-01 -1.105133771896362305e+00
2.958109043538570404e-02 2.231198698282241821e-01 -1.100310921669006348e+00
3.462494537234306335e-02 2.224984019994735718e-01 -1.097373604774475098e+00
3.967069461941719055e-02 2.220478206872940063e-01 -1.095297694206237793e+00
4.459463059902191162e-02 2.210962325334548950e-01 -1.090767979621887207e+00
4.952946305274963379e-02 2.203882485628128052e-01 -1.087456464767456055e+00
5.453383550047874451e-02 2.200925648212432861e-01 -1.086195588111877441e+00
5.955517664551734924e-02 2.199098616838455200e-01 -1.085508227348327637e+00
6.436950713396072388e-02 2.190513461828231812e-01 -1.081499099731445312e+00
6.929430365562438965e-02 2.186662554740905762e-01 -1.079840660095214844e+00
7.434417307376861572e-02 2.187013030052185059e-01 -1.080270051956176758e+00
7.933796942234039307e-02 2.185773998498916626e-01 -1.079926490783691406e+00
8.431165665388107300e-02 2.184161841869354248e-01 -1.079409837722778320e+00
8.921195566654205322e-02 2.180937379598617554e-01 -1.078105688095092773e+00
9.421971440315246582e-02 2.180543690919876099e-01 -1.078209638595581055e+00
9.926943480968475342e-02 2.181112170219421387e-01 -1.078796744346618652e+00
1.043492630124092102e-01 2.182254940271377563e-01 -1.079674959182739258e+00
1.094987541437149048e-01 2.184682935476303101e-01 -1.081194281578063965e+00
1.145038902759552002e-01 2.184143960475921631e-01 -1.081249356269836426e+00
1.195842549204826355e-01 2.185024768114089966e-01 -1.082009553909301758e+00
1.249439567327499390e-01 2.190732359886169434e-01 -1.085161447525024414e+00
1.302422136068344116e-01 2.194961011409759521e-01 -1.087581515312194824e+00
1.356951445341110229e-01 2.201382964849472046e-01 -1.091087222099304199e+00
1.409285664558410645e-01 2.203909158706665039e-01 -1.092659354209899902e+00
1.462124884128570557e-01 2.207022160291671753e-01 -1.094517230987548828e+00
1.515301316976547241e-01 2.210417836904525757e-01 -1.096508741378784180e+00
1.572873741388320923e-01 2.219796776771545410e-01 -1.101460576057434082e+00
1.632108092308044434e-01 2.230856418609619141e-01 -1.107237696647644043e+00
1.692301481962203979e-01 2.242511808872222900e-01 -1.113300323486328125e+00
1.755975931882858276e-01 2.257952392101287842e-01 -1.121230125427246094e+00
1.817603260278701782e-01 2.269948273897171021e-01 -1.127435088157653809e+00
1.870845854282379150e-01 2.271094322204589844e-01 -1.128233194351196289e+00
-1.177203934639692307e-02 2.222957909107208252e-01 -1.120864391326904297e+00
-6.577066611498594284e-03 2.239091545343399048e-01 -1.128959774971008301e+00
-1.294959103688597679e-03 2.236161231994628906e-01 -1.127465367317199707e+00
3.964108880609273911e-03 2.228049635887145996e-01 -1.123381257057189941e+00
9.148391894996166229e-03 2.211109995841979980e-01 -1.114868283271789551e+00
1.430160552263259888e-02 2.201687246561050415e-01 -1.110167503356933594e+00
1.943037472665309906e-02 2.194523066282272339e-01 -1.106626987457275391e+00
2.454062178730964661e-02 2.188720554113388062e-01 -1.103794217109680176e+00
2.953976206481456757e-02 2.176747471094131470e-01 -1.097870111465454102e+00
3.462253138422966003e-02 2.173569798469543457e-01 -1.096402049064636230e+00
3.969764709472656250e-02 2.170793414115905762e-01 -1.095156073570251465e+00
4.460799321532249451e-02 2.160670161247253418e-01 -1.090222239494323730e+00
4.957782849669456482e-02 2.155208587646484375e-01 -1.087658166885375977e+00
5.463076382875442505e-02 2.154039144515991211e-01 -1.087277889251708984e+00
5.955904722213745117e-02 2.148572206497192383e-01 -1.084744811058044434e+00
6.440538167953491211e-02 2.141237854957580566e-01 -1.081284046173095703e+00
6.932756304740905762e-02 2.137308269739151001e-01 -1.079556822776794434e+00
7.436453551054000854e-02 2.137210369110107422e-01 -1.079778909683227539e+00
7.941918075084686279e-02 2.137600779533386230e-01 -1.080261230468750000e+00
8.434943109750747681e-02 2.134796082973480225e-01 -1.079140782356262207e+00
8.928429335355758667e-02 2.132417708635330200e-01 -1.078246235847473145e+00
9.433676302433013916e-02 2.132951617240905762e-01 -1.078834056854248047e+00
9.937850385904312134e-02 2.133201509714126587e-01 -1.079286813735961914e+00
1.044960096478462219e-01 2.134975194931030273e-01 -1.080518245697021484e+00
1.095344051718711853e-01 2.135044038295745850e-01 -1.080892920494079590e+00
1.146370917558670044e-01 2.136304527521133423e-01 -1.081875681877136230e+00
1.195976212620735168e-01 2.134921401739120483e-01 -1.081522583961486816e+00
1.249085664749145508e-01 2.139652669429779053e-01 -1.084269046783447266e+00
1.304060816764831543e-01 2.147088348865509033e-01 -1.088387727737426758e+00
1.356974691152572632e-01 2.150700986385345459e-01 -1.090568661689758301e+00
1.409447789192199707e-01 2.153380066156387329e-01 -1.092273712158203125e+00
1.461638510227203369e-01 2.155456244945526123e-01 -1.093668699264526367e+00
1.515932381153106689e-01 2.160390466451644897e-01 -1.096507906913757324e+00
1.576097756624221802e-01 2.173098921775817871e-01 -1.103286981582641602e+00
1.631322801113128662e-01 2.178409844636917114e-01 -1.106302380561828613e+00
1.688238680362701416e-01 2.185585647821426392e-01 -1.110254049301147461e+00
1.751282513141632080e-01 2.200034409761428833e-01 -1.117888689041137695e+00
1.815398335456848145e-01 2.214959561824798584e-01 -1.125752806663513184e+00
1.867725700139999390e-01 2.215069234371185303e-01 -1.126070022583007812e+00
1.893955469131469727e-01 2.185063809156417847e-01 -1.111053466796875000e+00
-1.192991249263286591e-02 2.199643254280090332e-01 -1.134917736053466797e+00
-6.590554956346750259e-03 2.190771251916885376e-01 -1.130298495292663574e+00
-1.295253401622176170e-03 2.183922529220581055e-01 -1.126747250556945801e+00
3.960436210036277771e-03 2.173490226268768311e-01 -1.121371030807495117e+00
9.145988151431083679e-03 2.158398628234863281e-01 -1.113614201545715332e+00
1.427539903670549393e-02 2.145825922489166260e-01 -1.107179999351501465e+00
1.943357102572917938e-02 2.143122553825378418e-01 -1.105860829353332520e+00
2.455257438123226166e-02 2.138145267963409424e-01 -1.103390812873840332e+00
2.960094995796680450e-02 2.129816114902496338e-01 -1.099212765693664551e+00
3.462669625878334045e-02 2.122566252946853638e-01 -1.095612525939941406e+00
3.965523466467857361e-02 2.117335200309753418e-01 -1.093074917793273926e+00
4.463387280702590942e-02 2.110939472913742065e-01 -1.089955568313598633e+00
4.965359717607498169e-02 2.107598781585693359e-01 -1.088433027267456055e+00
5.462925136089324951e-02 2.103182822465896606e-01 -1.086373448371887207e+00
5.958055332303047180e-02 2.098660320043563843e-01 -1.084276199340820312e+00
6.442756950855255127e-02 2.091461569070816040e-01 -1.080812454223632812e+00
6.931563466787338257e-02 2.086545377969741821e-01 -1.078543186187744141e+00
7.438813149929046631e-02 2.087471187114715576e-01 -1.079308509826660156e+00
7.943500578403472900e-02 2.087605744600296021e-01 -1.079679250717163086e+00
8.441706001758575439e-02 2.086122781038284302e-01 -1.079226613044738770e+00
8.934172987937927246e-02 2.083468437194824219e-01 -1.078179240226745605e+00
9.429406374692916870e-02 2.081708014011383057e-01 -1.077604532241821289e+00
9.937711805105209351e-02 2.082865387201309204e-01 -1.078549861907958984e+00
1.043884679675102234e-01 2.082481235265731812e-01 -1.078705072402954102e+00
1.095606982707977295e-01 2.085193842649459839e-01 -1.080471634864807129e+00
1.146608442068099976e-01 2.086356580257415771e-01 -1.081441044807434082e+00
1.198253110051155090e-01 2.088542580604553223e-01 -1.082945227622985840e+00
1.249696984887123108e-01 2.090216130018234253e-01 -1.084186673164367676e+00
1.303734928369522095e-01 2.095929980278015137e-01 -1.087525844573974609e+00
1.356462836265563965e-01 2.099189460277557373e-01 -1.089592099189758301e+00
1.409281194210052490e-01 2.102348655462265015e-01 -1.091604590415954590e+00
1.462434977293014526e-01 2.105771452188491821e-01 -1.093750953674316406e+00
1.516844779253005981e-01 2.110711634159088135e-01 -1.096680641174316406e+00
1.571934372186660767e-01 2.116245925426483154e-01 -1.099912643432617188e+00
1.630109399557113647e-01 2.125454694032669067e-01 -1.105046987533569336e+00
1.687786430120468140e-01 2.133471667766571045e-01 -1.109552741050720215e+00
1.743616610765457153e-01 2.138748317956924438e-01 -1.112621426582336426e+00
1.805931478738784790e-01 2.151446491479873657e-01 -1.119537830352783203e+00
1.860485225915908813e-01 2.154446989297866821e-01 -1.121391773223876953e+00
1.902177482843399048e-01 2.142795771360397339e-01 -1.115598797798156738e+00
-1.702999323606491089e-02 2.120051831007003784e-01 -1.120002508163452148e+00
-1.189146004617214203e-02 2.139597833156585693e-01 -1.130259871482849121e+00
-6.597768049687147141e-03 2.140198647975921631e-01 -1.130533456802368164e+00
-1.295291935093700886e-03 2.131239026784896851e-01 -1.125782132148742676e+00
3.955280408263206482e-03 2.118234038352966309e-01 -1.118918895721435547e+00
9.137182496488094330e-03 2.104240059852600098e-01 -1.111557722091674805e+00
1.431555580347776413e-02 2.099889367818832397e-01 -1.109314799308776855e+00
1.946356520056724548e-02 2.094588577747344971e-01 -1.106594085693359375e+00
2.459202148020267487e-02 2.089856117963790894e-01 -1.104197025299072266e+00
2.965247444808483124e-02 2.081993818283081055e-01 -1.100169181823730469e+00
3.469447419047355652e-02 2.075355499982833862e-01 -1.096810102462768555e+00
3.970080614089965820e-02 2.068571001291275024e-01 -1.093395352363586426e+00
4.474673792719841003e-02 2.065163999795913696e-01 -1.091786742210388184e+00
4.963253065943717957e-02 2.055822610855102539e-01 -1.087060332298278809e+00
5.457880347967147827e-02 2.050490528345108032e-01 -1.084472894668579102e+00
5.956076830625534058e-02 2.047292590141296387e-01 -1.083032488822937012e+00
6.453004479408264160e-02 2.044194191694259644e-01 -1.081662416458129883e+00
6.942185759544372559e-02 2.039270848035812378e-01 -1.079342961311340332e+00
7.438311725854873657e-02 2.036916464567184448e-01 -1.078398704528808594e+00
7.940853387117385864e-02 2.036506384611129761e-01 -1.078498721122741699e+00
8.440683037042617798e-02 2.035491317510604858e-01 -1.078292369842529297e+00
8.930131047964096069e-02 2.032227814197540283e-01 -1.076907157897949219e+00
9.428784996271133423e-02 2.031295895576477051e-01 -1.076768279075622559e+00
9.934950619935989380e-02 2.031994611024856567e-01 -1.077504277229309082e+00
1.043822467327117920e-01 2.032063156366348267e-01 -1.077915072441101074e+00
1.094143241643905640e-01 2.032112926244735718e-01 -1.078323721885681152e+00
1.146658211946487427e-01 2.036054581403732300e-01 -1.080804347991943359e+00
1.198543235659599304e-01 2.038592696189880371e-01 -1.082545876502990723e+00
1.251960098743438721e-01 2.043426185846328735e-01 -1.085510611534118652e+00
1.303191483020782471e-01 2.044455558061599731e-01 -1.086457252502441406e+00
1.356173157691955566e-01 2.048051357269287109e-01 -1.088768124580383301e+00
1.409668326377868652e-01 2.052135616540908813e-01 -1.091338396072387695e+00
1.463248878717422485e-01 2.056055516004562378e-01 -1.093819141387939453e+00
1.516346484422683716e-01 2.059056460857391357e-01 -1.095806717872619629e+00
1.570747196674346924e-01 2.063574045896530151e-01 -1.098595380783081055e+00
1.625591814517974854e-01 2.068371623754501343e-01 -1.101525783538818359e+00
1.684062927961349487e-01 2.077350169420242310e-01 -1.106673717498779297e+00
1.750580668449401855e-01 2.095428258180618286e-01 -1.116660952568054199e+00
1.806311756372451782e-01 2.099926024675369263e-01 -1.119399666786193848e+00
1.860750913619995117e-01 2.102712243795394897e-01 -1.121209740638732910e+00
1.909292191267013550e-01 2.098863273859024048e-01 -1.119462132453918457e+00
1.926210522651672363e-01 2.061376273632049561e-01 -1.099745988845825195e+00
-1.719918102025985718e-02 2.088120728731155396e-01 -1.130110263824462891e+00
-1.190875004976987839e-02 2.089676409959793091e-01 -1.130880355834960938e+00
-6.600976921617984772e-03 2.088243365287780762e-01 -1.130059003829956055e+00
-1.296791830100119114e-03 2.080897092819213867e-01 -1.126064062118530273e+00
3.959222696721553802e-03 2.067866325378417969e-01 -1.119019150733947754e+00
9.158458560705184937e-03 2.056938260793685913e-01 -1.113137960433959961e+00
1.433515269309282303e-02 2.050720304250717163e-01 -1.109830856323242188e+00
1.950665004551410675e-02 2.047269046306610107e-01 -1.108046531677246094e+00
2.458781562745571136e-02 2.037783265113830566e-01 -1.103020548820495605e+00
2.966520190238952637e-02 2.031335532665252686e-01 -1.099662661552429199e+00
3.469535708427429199e-02 2.024041563272476196e-01 -1.095869898796081543e+00
3.979162499308586121e-02 2.021988481283187866e-01 -1.094937324523925781e+00
4.471524432301521301e-02 2.012633234262466431e-01 -1.090072512626647949e+00
4.963113367557525635e-02 2.004884034395217896e-01 -1.086097836494445801e+00
5.456709489226341248e-02 1.999311447143554688e-01 -1.083321928977966309e+00
5.955330654978752136e-02 1.996371597051620483e-01 -1.081992030143737793e+00
6.453549861907958984e-02 1.993768513202667236e-01 -1.080863237380981445e+00
6.950639933347702026e-02 1.991220265626907349e-01 -1.079781889915466309e+00
7.450231909751892090e-02 1.989685595035552979e-01 -1.079267024993896484e+00
7.948786020278930664e-02 1.988086253404617310e-01 -1.078732848167419434e+00
8.442848920822143555e-02 1.985621601343154907e-01 -1.077743530273437500e+00
8.936340361833572388e-02 1.983307898044586182e-01 -1.076849222183227539e+00
9.437540918588638306e-02 1.982860565185546875e-01 -1.076980352401733398e+00
9.945280104875564575e-02 1.983762830495834351e-01 -1.077855706214904785e+00
1.044525727629661560e-01 1.983104348182678223e-01 -1.077893137931823730e+00
1.095831692218780518e-01 1.984875947237014771e-01 -1.079259991645812988e+00
1.146599054336547852e-01 1.985559314489364624e-01 -1.080042362213134766e+00
1.198384314775466919e-01 1.987873613834381104e-01 -1.081717967987060547e+00
1.252130120992660522e-01 1.993121653795242310e-01 -1.084995508193969727e+00
1.304000914096832275e-01 1.995093226432800293e-01 -1.086493015289306641e+00
1.355892866849899292e-01 1.996949017047882080e-01 -1.087928652763366699e+00
1.410145163536071777e-01 2.002021521329879761e-01 -1.091117143630981445e+00
1.462422311305999756e-01 2.004034966230392456e-01 -1.092636823654174805e+00
1.514451056718826294e-01 2.005584090948104858e-01 -1.093899130821228027e+00
1.569718420505523682e-01 2.011181861162185669e-01 -1.097364425659179688e+00
1.624969244003295898e-01 2.016406506299972534e-01 -1.100619912147521973e+00
1.692365705966949463e-01 2.035923600196838379e-01 -1.111670732498168945e+00
1.753907054662704468e-01 2.047449052333831787e-01 -1.118351221084594727e+00
1.809542924165725708e-01 2.051615864038467407e-01 -1.121000647544860840e+00
1.862587332725524902e-01 2.052693665027618408e-01 -1.121946215629577637e+00
1.911034584045410156e-01 2.048784047365188599e-01 -1.120146512985229492e+00
1.949079185724258423e-01 2.034224569797515869e-01 -1.112500071525573730e+00
-1.727034710347652435e-02 2.043548673391342163e-01 -1.133743643760681152e+00
-1.195109635591506958e-02 2.043885886669158936e-01 -1.133855462074279785e+00
-6.617055274546146393e-03 2.040204554796218872e-01 -1.131765246391296387e+00
-1.297830254770815372e-03 2.029711604118347168e-01 -1.125924110412597656e+00
3.955434542149305344e-03 2.013459205627441406e-01 -1.116915464401245117e+00
9.176844730973243713e-03 2.008761167526245117e-01 -1.114343285560607910e+00
1.432921458035707474e-02 1.997848302125930786e-01 -1.108350038528442383e+00
1.945638284087181091e-02 1.990171074867248535e-01 -1.104177713394165039e+00
2.460462041199207306e-02 1.987425237894058228e-01 -1.102767109870910645e+00
2.966614626348018646e-02 1.979846805334091187e-01 -1.098700046539306641e+00
3.465979173779487610e-02 1.970652937889099121e-01 -1.093760490417480469e+00
3.969993069767951965e-02 1.966132670640945435e-01 -1.091438412666320801e+00
4.470405355095863342e-02 1.961065232753753662e-01 -1.088835477828979492e+00
4.966771230101585388e-02 1.955443620681762695e-01 -1.085946798324584961e+00
5.462924018502235413e-02 1.950791627168655396e-01 -1.083617568016052246e+00
5.950618162751197815e-02 1.944167315959930420e-01 -1.080212712287902832e+00
6.451725214719772339e-02 1.942620575428009033e-01 -1.079648256301879883e+00
6.954601407051086426e-02 1.941792666912078857e-01 -1.079502463340759277e+00
7.462839037179946899e-02 1.942472308874130249e-01 -1.080213069915771484e+00
7.965435087680816650e-02 1.941690742969512939e-01 -1.080128312110900879e+00
8.458514511585235596e-02 1.938821077346801758e-01 -1.078897356986999512e+00
8.945684880018234253e-02 1.934996247291564941e-01 -1.077148437500000000e+00
9.445706009864807129e-02 1.934210807085037231e-01 -1.077103972434997559e+00
9.957581013441085815e-02 1.935809552669525146e-01 -1.078399419784545898e+00
1.046904698014259338e-01 1.937178522348403931e-01 -1.079578280448913574e+00
1.097231879830360413e-01 1.936974823474884033e-01 -1.079890012741088867e+00
1.147772595286369324e-01 1.937149763107299805e-01 -1.080420613288879395e+00
1.199738904833793640e-01 1.939614713191986084e-01 -1.082235217094421387e+00
1.251244097948074341e-01 1.941164880990982056e-01 -1.083544731140136719e+00
1.304445415735244751e-01 1.945124268531799316e-01 -1.086203217506408691e+00
1.358361542224884033e-01 1.949813365936279297e-01 -1.089272499084472656e+00
1.412860304117202759e-01 1.954970806837081909e-01 -1.092604994773864746e+00
1.462897807359695435e-01 1.953811049461364746e-01 -1.092405438423156738e+00
1.515184342861175537e-01 1.955632269382476807e-01 -1.093868613243103027e+00
1.568681150674819946e-01 1.958846300840377808e-01 -1.096105813980102539e+00
1.625655889511108398e-01 1.966064125299453735e-01 -1.100577712059020996e+00
1.691682487726211548e-01 1.983454227447509766e-01 -1.110739231109619141e+00
1.749559044837951660e-01 1.990541219711303711e-01 -1.115124225616455078e+00
1.803545504808425903e-01 1.992921978235244751e-01 -1.116860508918762207e+00
1.860684901475906372e-01 1.998556107282638550e-01 -1.120405316352844238e+00
1.918683648109436035e-01 2.004781663417816162e-01 -1.124265551567077637e+00
1.966728419065475464e-01 2.000552117824554443e-01 -1.122242569923400879e+00
-1.730080135166645050e-02 1.993846297264099121e-01 -1.134681463241577148e+00
-1.196496561169624329e-02 1.992975324392318726e-01 -1.134107112884521484e+00
-6.620326079428195953e-03 1.988061815500259399e-01 -1.131261229515075684e+00
-1.295736874453723431e-03 1.973670870065689087e-01 -1.123051285743713379e+00
3.951539751142263412e-03 1.959099471569061279e-01 -1.114767074584960938e+00
9.180478751659393311e-03 1.957229375839233398e-01 -1.113738298416137695e+00
1.431286428123712540e-02 1.943605840206146240e-01 -1.106048941612243652e+00
1.945713348686695099e-02 1.938423514366149902e-01 -1.103190302848815918e+00
2.460847422480583191e-02 1.935977637767791748e-01 -1.101915836334228516e+00
2.972014807164669037e-02 1.931803375482559204e-01 -1.099684119224548340e+00
3.473790735006332397e-02 1.923664212226867676e-01 -1.095220804214477539e+00
3.971956297755241394e-02 1.915883123874664307e-01 -1.090985417366027832e+00
4.475338384509086609e-02 1.912108361721038818e-01 -1.089055180549621582e+00
4.974754527211189270e-02 1.907586753368377686e-01 -1.086722731590270996e+00
5.470455437898635864e-02 1.902614086866378784e-01 -1.084155440330505371e+00
5.957660079002380371e-02 1.895783841609954834e-01 -1.080550551414489746e+00
6.454416364431381226e-02 1.892825663089752197e-01 -1.079172372817993164e+00
6.955375522375106812e-02 1.891440451145172119e-01 -1.078710913658142090e+00
7.467271387577056885e-02 1.893015801906585693e-01 -1.079957127571105957e+00
7.972964644432067871e-02 1.892918497323989868e-01 -1.080267429351806641e+00
8.465389907360076904e-02 1.889870762825012207e-01 -1.078910470008850098e+00
8.949170261621475220e-02 1.885344833135604858e-01 -1.076723694801330566e+00
9.440963715314865112e-02 1.882899999618530273e-01 -1.075738430023193359e+00
9.945153445005416870e-02 1.883049756288528442e-01 -1.076247692108154297e+00
1.047018989920616150e-01 1.886941939592361450e-01 -1.078908443450927734e+00
1.097078919410705566e-01 1.886274963617324829e-01 -1.078973054885864258e+00
1.147837415337562561e-01 1.886814683675765991e-01 -1.079736471176147461e+00
1.199931502342224121e-01 1.889411956071853638e-01 -1.081684947013854980e+00
1.251166313886642456e-01 1.890501230955123901e-01 -1.082776188850402832e+00
1.303808987140655518e-01 1.893550604581832886e-01 -1.084994673728942871e+00
1.362117975950241089e-01 1.904293596744537354e-01 -1.091626882553100586e+00
1.415201276540756226e-01 1.907219886779785156e-01 -1.093781709671020508e+00
1.467330306768417358e-01 1.908701360225677490e-01 -1.095107316970825195e+00
1.516741663217544556e-01 1.906666904687881470e-01 -1.094411849975585938e+00
1.569517701864242554e-01 1.908857226371765137e-01 -1.096136093139648438e+00
1.625649631023406982e-01 1.914862096309661865e-01 -1.100045323371887207e+00
1.685248911380767822e-01 1.924459934234619141e-01 -1.106012821197509766e+00
1.744007766246795654e-01 1.932557970285415649e-01 -1.111111164093017578e+00
1.803207397460937500e-01 1.940664350986480713e-01 -1.116204261779785156e+00
1.861212551593780518e-01 1.947067528963088989e-01 -1.120305299758911133e+00
1.920125931501388550e-01 1.954046636819839478e-01 -1.124722719192504883e+00
1.988488733768463135e-01 1.970017701387405396e-01 -1.134300112724304199e+00
2.001403719186782837e-01 1.931649148464202881e-01 -1.112563490867614746e+00
-1.733711361885070801e-02 1.944613158702850342e-01 -1.135984897613525391e+00
-1.195640116930007935e-02 1.938304007053375244e-01 -1.132217645645141602e+00
-6.609116215258836746e-03 1.931634098291397095e-01 -1.128269672393798828e+00
-1.295025344006717205e-03 1.919849663972854614e-01 -1.121364474296569824e+00
3.955128602683544159e-03 1.908454149961471558e-01 -1.114715814590454102e+00
9.175354614853858948e-03 1.903839409351348877e-01 -1.112057089805603027e+00
1.436686050146818161e-02 1.898779273033142090e-01 -1.109167337417602539e+00
1.947398670017719269e-02 1.888233423233032227e-01 -1.103101015090942383e+00
2.458702027797698975e-02 1.882575899362564087e-01 -1.099918127059936523e+00
2.962523140013217926e-02 1.874151229858398438e-01 -1.095145463943481445e+00
3.470295295119285583e-02 1.870350837707519531e-01 -1.093101143836975098e+00
3.976864740252494812e-02 1.866965889930725098e-01 -1.091325759887695312e+00
4.478737339377403259e-02 1.862401217222213745e-01 -1.088885784149169922e+00
4.977906495332717896e-02 1.857763379812240601e-01 -1.086427211761474609e+00
5.476576089859008789e-02 1.853819042444229126e-01 -1.084397435188293457e+00
5.975585803389549255e-02 1.850651055574417114e-01 -1.082844018936157227e+00
6.464086472988128662e-02 1.844980418682098389e-01 -1.079847455024719238e+00
6.963562965393066406e-02 1.843039393424987793e-01 -1.079053640365600586e+00
7.467193156480789185e-02 1.842386126518249512e-01 -1.079033732414245605e+00
7.973420619964599609e-02 1.842415928840637207e-01 -1.079432845115661621e+00
8.470251411199569702e-02 1.840400546789169312e-01 -1.078651070594787598e+00
8.961068093776702881e-02 1.837379187345504761e-01 -1.077295303344726562e+00
9.453917294740676880e-02 1.835074275732040405e-01 -1.076373338699340820e+00
9.956292062997817993e-02 1.834758520126342773e-01 -1.076631307601928711e+00
1.046244949102401733e-01 1.835136413574218750e-01 -1.077308654785156250e+00
1.097847074270248413e-01 1.837130188941955566e-01 -1.078945994377136230e+00
1.148375645279884338e-01 1.837231218814849854e-01 -1.079481482505798340e+00
1.199517995119094849e-01 1.838264316320419312e-01 -1.080572605133056641e+00
1.252076476812362671e-01 1.841296553611755371e-01 -1.082845807075500488e+00
1.305127292871475220e-01 1.844789385795593262e-01 -1.085395812988281250e+00
1.362474113702774048e-01 1.853866279125213623e-01 -1.091237306594848633e+00
1.417058110237121582e-01 1.858665496110916138e-01 -1.094565272331237793e+00
1.468234807252883911e-01 1.858817040920257568e-01 -1.095156431198120117e+00
1.518912613391876221e-01 1.858347654342651367e-01 -1.095378875732421875e+00
1.571533530950546265e-01 1.860209405422210693e-01 -1.096970677375793457e+00
1.628596931695938110e-01 1.867046654224395752e-01 -1.101491928100585938e+00
1.684311628341674805e-01 1.871967315673828125e-01 -1.104876875877380371e+00
1.744810789823532104e-01 1.881756484508514404e-01 -1.111127972602844238e+00
1.808125376701354980e-01 1.893931478261947632e-01 -1.118780255317687988e+00
1.862922459840774536e-01 1.896753162145614624e-01 -1.120895743370056152e+00
1.920793950557708740e-01 1.902466267347335815e-01 -1.124704599380493164e+00
1.961832046508789062e-01 1.891645640134811401e-01 -1.118718504905700684e+00
2.027586549520492554e-01 1.904600560665130615e-01 -1.126771688461303711e+00
-2.280873991549015045e-02 1.902021765708923340e-01 -1.141508221626281738e+00
-1.732001081109046936e-02 1.889329552650451660e-01 -1.133775353431701660e+00
-1.194421388208866119e-02 1.883137673139572144e-01 -1.129975080490112305e+00
-6.605634000152349472e-03 1.877582818269729614e-01 -1.126587986946105957e+00
-1.289768260903656483e-03 1.859532594680786133e-01 -1.115734696388244629e+00
3.953844774514436722e-03 1.855426877737045288e-01 -1.113279104232788086e+00
9.182533249258995056e-03 1.852989792823791504e-01 -1.111855030059814453e+00
1.434954348951578140e-02 1.844394654035568237e-01 -1.106765866279602051e+00
1.948681287467479706e-02 1.837573647499084473e-01 -1.102770447731018066e+00
2.457164227962493896e-02 1.829717010259628296e-01 -1.098182320594787598e+00
2.959409169852733612e-02 1.820753067731857300e-01 -1.092957377433776855e+00
3.468391299247741699e-02 1.817974597215652466e-01 -1.091472744941711426e+00
3.976538404822349548e-02 1.815531700849533081e-01 -1.090216755867004395e+00
4.477971792221069336e-02 1.810931861400604248e-01 -1.087691664695739746e+00
4.980366304516792297e-02 1.807623803615570068e-01 -1.085967779159545898e+00
5.482473596930503845e-02 1.804836541414260864e-01 -1.084581255912780762e+00
5.983040854334831238e-02 1.802059561014175415e-01 -1.083224534988403320e+00
6.485909968614578247e-02 1.800356954336166382e-01 -1.082536220550537109e+00
6.969419866800308228e-02 1.793919056653976440e-01 -1.079021453857421875e+00
7.467859983444213867e-02 1.791936308145523071e-01 -1.078205943107604980e+00
7.970288395881652832e-02 1.791101396083831787e-01 -1.078100562095642090e+00
8.474192768335342407e-02 1.790678352117538452e-01 -1.078261375427246094e+00
8.978791534900665283e-02 1.790441125631332397e-01 -1.078551530838012695e+00
9.480624645948410034e-02 1.789707243442535400e-01 -1.078558206558227539e+00
9.978309273719787598e-02 1.788304150104522705e-01 -1.078175663948059082e+00
1.047758832573890686e-01 1.787308156490325928e-01 -1.078051209449768066e+00
1.098472550511360168e-01 1.787682622671127319e-01 -1.078764557838439941e+00
1.148807480931282043e-01 1.787434816360473633e-01 -1.079112410545349121e+00
1.200928241014480591e-01 1.789869666099548340e-01 -1.081088900566101074e+00
1.251494437456130981e-01 1.789884418249130249e-01 -1.081610918045043945e+00
1.305698752403259277e-01 1.794899106025695801e-01 -1.085160732269287109e+00
1.356941312551498413e-01 1.795619726181030273e-01 -1.086119294166564941e+00
1.409002244472503662e-01 1.797332316637039185e-01 -1.087679982185363770e+00
1.465850174427032471e-01 1.804819703102111816e-01 -1.092737555503845215e+00
1.518833339214324951e-01 1.807205229997634888e-01 -1.094706654548645020e+00
1.571175456047058105e-01 1.808697879314422607e-01 -1.096131563186645508e+00
1.629959940910339355e-01 1.817279011011123657e-01 -1.101849198341369629e+00
1.686103790998458862e-01 1.822481900453567505e-01 -1.105513930320739746e+00
1.736406236886978149e-01 1.821250021457672119e-01 -1.105265974998474121e+00
1.801517605781555176e-01 1.835174262523651123e-01 -1.114207029342651367e+00
1.862299293279647827e-01 1.844032853841781616e-01 -1.120063662528991699e+00
1.911847889423370361e-01 1.841588765382766724e-01 -1.119040131568908691e+00
1.973095387220382690e-01 1.850244700908660889e-01 -1.124743580818176270e+00
2.031136453151702881e-01 1.855524778366088867e-01 -1.128377199172973633e+00
2.093977034091949463e-01 1.864813715219497681e-01 -1.134428024291992188e+00
-1.735041849315166473e-02 1.839187592267990112e-01 -1.134665846824645996e+00
-1.190970744937658310e-02 1.824660897254943848e-01 -1.125616312026977539e+00
-6.592137739062309265e-03 1.820821613073348999e-01 -1.123192191123962402e+00
-1.293677953071892262e-03 1.812486350536346436e-01 -1.118026852607727051e+00
3.954102750867605209e-03 1.803136914968490601e-01 -1.112267732620239258e+00
9.169941768050193787e-03 1.798181980848312378e-01 -1.109250903129577637e+00
1.437861751765012741e-02 1.795930117368698120e-01 -1.107932448387145996e+00
1.950039528310298920e-02 1.786914914846420288e-01 -1.102472424507141113e+00
2.454106882214546204e-02 1.775823235511779785e-01 -1.095760464668273926e+00
2.962402440607547760e-02 1.771114319562911987e-01 -1.093015789985656738e+00
3.470072150230407715e-02 1.767481118440628052e-01 -1.090963602066040039e+00
3.976535052061080933e-02 1.764249503612518311e-01 -1.089187264442443848e+00
4.482132196426391602e-02 1.761416047811508179e-01 -1.087684273719787598e+00
4.989027231931686401e-02 1.759621053934097290e-01 -1.086849212646484375e+00
5.493447184562683105e-02 1.757368296384811401e-01 -1.085757017135620117e+00
5.995512753725051880e-02 1.754809767007827759e-01 -1.084500670433044434e+00
6.482072174549102783e-02 1.748469918966293335e-01 -1.080930113792419434e+00
6.967480480670928955e-02 1.742763668298721313e-01 -1.077772259712219238e+00
7.488612830638885498e-02 1.746160984039306641e-01 -1.080265879631042480e+00
7.968652248382568359e-02 1.740153580904006958e-01 -1.076961517333984375e+00
8.469904959201812744e-02 1.739219129085540771e-01 -1.076814651489257812e+00
8.985468745231628418e-02 1.741162985563278198e-01 -1.078468561172485352e+00
9.488900750875473022e-02 1.740674078464508057e-01 -1.078632831573486328e+00
9.990027546882629395e-02 1.739833056926727295e-01 -1.078593969345092773e+00
1.047636270523071289e-01 1.736621409654617310e-01 -1.077098011970520020e+00
1.097507476806640625e-01 1.735662370920181274e-01 -1.077010393142700195e+00
1.151953488588333130e-01 1.741704344749450684e-01 -1.081279277801513672e+00
1.200282871723175049e-01 1.738379001617431641e-01 -1.079742789268493652e+00
1.250111013650894165e-01 1.737405210733413696e-01 -1.079672694206237793e+00
1.300295591354370117e-01 1.736983358860015869e-01 -1.079950809478759766e+00
1.352836042642593384e-01 1.739622205495834351e-01 -1.082136511802673340e+00
1.404196023941040039e-01 1.740607917308807373e-01 -1.083296656608581543e+00
1.461851596832275391e-01 1.749057322740554810e-01 -1.089105248451232910e+00
1.516354382038116455e-01 1.753293424844741821e-01 -1.092292428016662598e+00
1.570761799812316895e-01 1.757147312164306641e-01 -1.095240235328674316e+00
1.623948067426681519e-01 1.759435385465621948e-01 -1.097208261489868164e+00
1.680779159069061279e-01 1.765412092208862305e-01 -1.101471304893493652e+00
1.738336831331253052e-01 1.771775484085083008e-01 -1.105969429016113281e+00
1.794171482324600220e-01 1.776066869497299194e-01 -1.109165430068969727e+00
1.854339241981506348e-01 1.784287542104721069e-01 -1.114804744720458984e+00
1.909473538398742676e-01 1.787349581718444824e-01 -1.117207765579223633e+00
1.963029354810714722e-01 1.788810938596725464e-01 -1.118592858314514160e+00
2.021402120590209961e-01 1.794472932815551758e-01 -1.122586011886596680e+00
2.094203084707260132e-01 1.812336444854736328e-01 -1.134194612503051758e+00
-1.176905352622270584e-02 1.750701218843460083e-01 -1.111234664916992188e+00
-6.585376802831888199e-03 1.766083240509033203e-01 -1.120940804481506348e+00
-1.296812901273369789e-03 1.764068007469177246e-01 -1.119637012481689453e+00
3.949761390686035156e-03 1.748803853988647461e-01 -1.109957337379455566e+00
9.147964417934417725e-03 1.741730570793151855e-01 -1.105508804321289062e+00
1.430665981024503708e-02 1.735001951456069946e-01 -1.101310968399047852e+00
1.949143782258033752e-02 1.734178513288497925e-01 -1.100893139839172363e+00
2.457018010318279266e-02 1.726251393556594849e-01 -1.095996856689453125e+00
2.965324558317661285e-02 1.721330285072326660e-01 -1.093039274215698242e+00
3.469317406415939331e-02 1.715733259916305542e-01 -1.089681744575500488e+00
3.974413126707077026e-02 1.712054759263992310e-01 -1.087571620941162109e+00
4.485859721899032593e-02 1.711639910936355591e-01 -1.087563276290893555e+00
4.995396360754966736e-02 1.710656136274337769e-01 -1.087221384048461914e+00
5.501255765557289124e-02 1.708712875843048096e-01 -1.086296916007995605e+00
5.998319387435913086e-02 1.704600900411605835e-01 -1.084018945693969727e+00
6.471593677997589111e-02 1.694903224706649780e-01 -1.078211426734924316e+00
6.970323622226715088e-02 1.692797988653182983e-01 -1.077255487442016602e+00
7.473532110452651978e-02 1.691991686820983887e-01 -1.077148556709289551e+00
7.971873134374618530e-02 1.690256148576736450e-01 -1.076471090316772461e+00
8.469222486019134521e-02 1.688529849052429199e-01 -1.075819253921508789e+00
8.971241861581802368e-02 1.687876582145690918e-01 -1.075869441032409668e+00
9.470730274915695190e-02 1.686842143535614014e-01 -1.075693964958190918e+00
9.959942847490310669e-02 1.684175133705139160e-01 -1.074492216110229492e+00
1.046770215034484863e-01 1.684749722480773926e-01 -1.075372934341430664e+00
1.098088175058364868e-01 1.686104089021682739e-01 -1.076764822006225586e+00
1.148714795708656311e-01 1.686324477195739746e-01 -1.077444434165954590e+00
1.200540214776992798e-01 1.688212007284164429e-01 -1.079199671745300293e+00
1.248797699809074402e-01 1.685132682323455811e-01 -1.077787399291992188e+00
1.299276500940322876e-01 1.685173213481903076e-01 -1.078375697135925293e+00
1.350184679031372070e-01 1.685746908187866211e-01 -1.079309940338134766e+00
1.407101452350616455e-01 1.693511009216308594e-01 -1.084853053092956543e+00
1.459991633892059326e-01 1.696057468652725220e-01 -1.087058067321777344e+00
1.515191048383712769e-01 1.701025068759918213e-01 -1.090816259384155273e+00
1.569098085165023804e-01 1.704265773296356201e-01 -1.093466401100158691e+00
1.624426692724227905e-01 1.708798259496688843e-01 -1.096942663192749023e+00
1.677341014146804810e-01 1.710591316223144531e-01 -1.098655343055725098e+00
1.734445095062255859e-01 1.716424524784088135e-01 -1.102956175804138184e+00
1.791596710681915283e-01 1.721967756748199463e-01 -1.107062578201293945e+00
1.846411973237991333e-01 1.725018173456192017e-01 -1.109555482864379883e+00
1.902521699666976929e-01 1.729079186916351318e-01 -1.112684726715087891e+00
1.957722157239913940e-01 1.732120513916015625e-01 -1.115141868591308594e+00
3.924413584172725677e-03 1.685563176870346069e-01 -1.101747751235961914e+00
9.113023988902568817e-03 1.683135330677032471e-01 -1.100202918052673340e+00
1.427085604518651962e-02 1.678849607706069946e-01 -1.097476601600646973e+00
1.943316869437694550e-02 1.677233576774597168e-01 -1.096528291702270508e+00
2.461083978414535522e-02 1.677344143390655518e-01 -1.096741557121276855e+00
2.965818345546722412e-02 1.670077443122863770e-01 -1.092162370681762695e+00
3.461367264389991760e-02 1.660555601119995117e-01 -1.086138486862182617e+00
3.967605531215667725e-02 1.657956689596176147e-01 -1.084671854972839355e+00
4.475896805524826050e-02 1.656711101531982422e-01 -1.084120154380798340e+00
4.990340024232864380e-02 1.657764762639999390e-01 -1.085102319717407227e+00
5.482079833745956421e-02 1.651781946420669556e-01 -1.081506133079528809e+00
5.965741351246833801e-02 1.644589900970458984e-01 -1.077142953872680664e+00
6.469864398241043091e-02 1.643723994493484497e-01 -1.076947689056396484e+00
6.981820613145828247e-02 1.644829660654067993e-01 -1.078069329261779785e+00
7.492365688085556030e-02 1.645475178956985474e-01 -1.078913927078247070e+00
7.981937378644943237e-02 1.641725152730941772e-01 -1.076898097991943359e+00
8.471064269542694092e-02 1.638336926698684692e-01 -1.075139045715332031e+00
8.974875509738922119e-02 1.638010144233703613e-01 -1.075407862663269043e+00
9.463933855295181274e-02 1.635169386863708496e-01 -1.074043631553649902e+00
9.956804662942886353e-02 1.633241474628448486e-01 -1.073294520378112793e+00
1.047496646642684937e-01 1.635448038578033447e-01 -1.075277924537658691e+00
1.100023090839385986e-01 1.638509631156921387e-01 -1.077838778495788574e+00
1.150830760598182678e-01 1.638854593038558960e-01 -1.078626036643981934e+00
1.198988184332847595e-01 1.635555326938629150e-01 -1.077024102210998535e+00
1.249203309416770935e-01 1.635216176509857178e-01 -1.077378749847412109e+00
1.298792660236358643e-01 1.634116023778915405e-01 -1.077238440513610840e+00
1.350488960742950439e-01 1.635649651288986206e-01 -1.078839540481567383e+00
1.402911245822906494e-01 1.637920737266540527e-01 -1.080931425094604492e+00
1.460554599761962891e-01 1.645917147397994995e-01 -1.086806774139404297e+00
1.512354612350463867e-01 1.647012978792190552e-01 -1.088128089904785156e+00
1.569307744503021240e-01 1.653466671705245972e-01 -1.092989206314086914e+00
1.621332764625549316e-01 1.654485017061233521e-01 -1.094255566596984863e+00
1.675694137811660767e-01 1.657752543687820435e-01 -1.097004055976867676e+00
1.729194968938827515e-01 1.660000383853912354e-01 -1.099071025848388672e+00
1.786769032478332520e-01 1.665916591882705688e-01 -1.103558421134948730e+00
1.834012120962142944e-01 1.662138998508453369e-01 -1.101612091064453125e+00
2.918326295912265778e-02 1.592619717121124268e-01 -1.073629975318908691e+00
3.447441756725311279e-02 1.602835506200790405e-01 -1.080725073814392090e+00
3.957181051373481750e-02 1.602569371461868286e-01 -1.080785870552062988e+00
4.472043365240097046e-02 1.604201793670654297e-01 -1.082158327102661133e+00
4.974826052784919739e-02 1.601610481739044189e-01 -1.080711483955383301e+00
5.469311401247978210e-02 1.597078293561935425e-01 -1.077983021736145020e+00
5.962618067860603333e-02 1.593002378940582275e-01 -1.075588822364807129e+00
6.473839282989501953e-02 1.593976467847824097e-01 -1.076630830764770508e+00
7.002618908882141113e-02 1.598817557096481323e-01 -1.080312490463256836e+00
7.517748326063156128e-02 1.600097268819808960e-01 -1.081614017486572266e+00
8.012198656797409058e-02 1.597092598676681519e-01 -1.080042600631713867e+00
8.494383841753005981e-02 1.592147499322891235e-01 -1.077178955078125000e+00
8.993189781904220581e-02 1.590699404478073120e-01 -1.076699972152709961e+00
9.492141008377075195e-02 1.589430123567581177e-01 -1.076360344886779785e+00
9.978967905044555664e-02 1.586361974477767944e-01 -1.074818849563598633e+00
1.047768145799636841e-01 1.585387885570526123e-01 -1.074711084365844727e+00
1.100347563624382019e-01 1.588412821292877197e-01 -1.077329158782958984e+00
1.152942925691604614e-01 1.591193675994873047e-01 -1.079796671867370605e+00
1.200679317116737366e-01 1.587316691875457764e-01 -1.077756881713867188e+00
1.246513053774833679e-01 1.581339389085769653e-01 -1.074296474456787109e+00
1.298064738512039185e-01 1.582798510789871216e-01 -1.075893759727478027e+00
1.347988843917846680e-01 1.582237929105758667e-01 -1.076124191284179688e+00
1.399760991334915161e-01 1.583808809518814087e-01 -1.077808380126953125e+00
1.457809805870056152e-01 1.592125445604324341e-01 -1.084088683128356934e+00
1.513662487268447876e-01 1.597565412521362305e-01 -1.088415503501892090e+00
1.561594158411026001e-01 1.594563126564025879e-01 -1.086989283561706543e+00
1.616239696741104126e-01 1.598389893770217896e-01 -1.090214371681213379e+00
1.654099971055984497e-01 1.585889458656311035e-01 -1.082293868064880371e+00
1.701197177171707153e-01 1.582723855972290039e-01 -1.080729365348815918e+00
5.920238047838211060e-02 1.531313955783843994e-01 -1.066960930824279785e+00
6.466886401176452637e-02 1.541561484336853027e-01 -1.074497103691101074e+00
7.016386091709136963e-02 1.550949215888977051e-01 -1.081466078758239746e+00
7.569468021392822266e-02 1.559802591800689697e-01 -1.088093400001525879e+00
8.183231949806213379e-02 1.579242795705795288e-01 -1.102138996124267578e+00
9.049627929925918579e-02 1.549711078405380249e-01 -1.082548022270202637e+00
9.542318433523178101e-02 1.546951830387115479e-01 -1.081160068511962891e+00
1.000615358352661133e-01 1.540030837059020996e-01 -1.076878428459167480e+00
1.049149185419082642e-01 1.536927074193954468e-01 -1.075279355049133301e+00
1.098926737904548645e-01 1.535846441984176636e-01 -1.075109362602233887e+00
1.148841753602027893e-01 1.535044759511947632e-01 -1.075147271156311035e+00
1.196083799004554749e-01 1.530889421701431274e-01 -1.072846055030822754e+00
1.246166303753852844e-01 1.530558466911315918e-01 -1.073232889175415039e+00
1.295164078474044800e-01 1.528972536325454712e-01 -1.072747111320495605e+00
1.344043612480163574e-01 1.527370959520339966e-01 -1.072255134582519531e+00
1.388740837574005127e-01 1.521303057670593262e-01 -1.068628787994384766e+00
8.781523257493972778e-02 1.638964265584945679e-01 -1.181691646575927734e+00
9.313560277223587036e-02 1.634512841701507568e-01 -1.179042816162109375e+00
9.871248900890350342e-02 1.634811460971832275e-01 -1.179843187332153320e+00
8.856929838657379150e-02 1.596819162368774414e-01 -1.190807580947875977e+00
9.465847164392471313e-02 1.604741513729095459e-01 -1.197301983833312988e+00
9.970980137586593628e-02 1.595167964696884155e-01 -1.190767526626586914e+00
8.363539725542068481e-02 1.553378403186798096e-01 -1.199075222015380859e+00
8.946259319782257080e-02 1.556138694286346436e-01 -1.201783657073974609e+00
9.494026005268096924e-02 1.552852988243103027e-01 -1.199850678443908691e+00
1.005441322922706604e-01 1.551885157823562622e-01 -1.199733734130859375e+00
1.023766770958900452e-01 1.495914608240127563e-01 -1.157096028327941895e+00
8.361551165580749512e-02 1.496337503194808960e-01 -1.197752356529235840e+00
8.981326222419738770e-02 1.505230367183685303e-01 -1.205465912818908691e+00
9.560327231884002686e-02 1.506635844707489014e-01 -1.207216620445251465e+00
9.963596612215042114e-02 1.481748819351196289e-01 -1.187917709350585938e+00
8.358349651098251343e-02 1.439114809036254883e-01 -1.196268916130065918e+00
9.006903320550918579e-02 1.452346146106719971e-01 -1.207879781723022461e+00
9.504127502441406250e-02 1.441053152084350586e-01 -1.199125051498413086e+00
9.948927164077758789e-02 1.423530876636505127e-01 -1.185202121734619141e+00
8.335696905851364136e-02 1.378718316555023193e-01 -1.192019820213317871e+00
9.010154753923416138e-02 1.395679414272308350e-01 -1.207311511039733887e+00
9.575177729129791260e-02 1.394675970077514648e-01 -1.207101225852966309e+00
1.006125360727310181e-01 1.382934153079986572e-01 -1.197620034217834473e+00
8.380007743835449219e-02 1.329250782728195190e-01 -1.197361707687377930e+00
9.096742421388626099e-02 1.351351141929626465e-01 -1.217917084693908691e+00
9.631978720426559448e-02 1.345460265874862671e-01 -1.213285088539123535e+00
1.011845916509628296e-01 1.333806067705154419e-01 -1.203477025032043457e+00
8.529236167669296265e-02 1.295113712549209595e-01 -1.217691898345947266e+00
9.121108800172805786e-02 1.297075152397155762e-01 -1.220200300216674805e+00
9.676708281040191650e-02 1.293952167034149170e-01 -1.217957735061645508e+00
1.010752618312835693e-01 1.275435239076614380e-01 -1.201244354248046875e+00
9.118518233299255371e-02 1.238827854394912720e-01 -1.218897581100463867e+00
9.713980555534362793e-02 1.240957751870155334e-01 -1.221705794334411621e+00
1.018987968564033508e-01 1.228433772921562195e-01 -1.210113286972045898e+00
9.165176749229431152e-02 1.186991557478904724e-01 -1.224198341369628906e+00
9.733939170837402344e-02 1.185409724712371826e-01 -1.223295450210571289e+00
8.609081059694290161e-02 1.132190525531768799e-01 -1.226236224174499512e+00
9.171947091817855835e-02 1.129650324583053589e-01 -1.224193453788757324e+00
9.748629480600357056e-02 1.129013448953628540e-01 -1.224246740341186523e+00
1.020494997501373291e-01 1.115293949842453003e-01 -1.210137367248535156e+00
8.620197325944900513e-02 1.075228005647659302e-01 -1.226924061775207520e+00
9.181435406208038330e-02 1.072540506720542908e-01 -1.224579453468322754e+00
9.752766788005828857e-02 1.071282476186752319e-01 -1.223900198936462402e+00
1.018796190619468689e-01 1.056054681539535522e-01 -1.207282781600952148e+00
8.629427850246429443e-02 1.017892286181449890e-01 -1.227374315261840820e+00
9.177184104919433594e-02 1.013792455196380615e-01 -1.223164439201354980e+00
9.764447063207626343e-02 1.014285683631896973e-01 -1.224530339241027832e+00
1.014553755521774292e-01 9.945134073495864868e-02 -1.201449513435363770e+00
8.144737780094146729e-02 9.713529050350189209e-02 -1.241101980209350586e+00
8.617764711380004883e-02 9.581086784601211548e-02 -1.224887728691101074e+00
9.200749546289443970e-02 9.579946845769882202e-02 -1.225489377975463867e+00
9.754224121570587158e-02 9.550050646066665649e-02 -1.222447276115417480e+00
1.022843942046165466e-01 9.450292587280273438e-02 -1.210486888885498047e+00
8.633597940206527710e-02 9.013537317514419556e-02 -1.226346135139465332e+00
9.212350100278854370e-02 9.007278829813003540e-02 -1.226254105567932129e+00
9.794855862855911255e-02 9.005219489336013794e-02 -1.226770997047424316e+00
1.031041145324707031e-01 8.945306390523910522e-02 -1.219436764717102051e+00
8.681590110063552856e-02 8.475235849618911743e-02 -1.232405781745910645e+00
9.259460121393203735e-02 8.465603739023208618e-02 -1.231779336929321289e+00
9.813919663429260254e-02 8.436995744705200195e-02 -1.228426694869995117e+00
1.038368269801139832e-01 8.424026519060134888e-02 -1.227383494377136230e+00
8.742780983448028564e-02 7.942419499158859253e-02 -1.240371465682983398e+00
9.312685579061508179e-02 7.923151552677154541e-02 -1.238150715827941895e+00
9.829463064670562744e-02 7.863680273294448853e-02 -1.229679107666015625e+00
8.769174665212631226e-02 7.372055202722549438e-02 -1.243436336517333984e+00
9.314233064651489258e-02 7.333254814147949219e-02 -1.237690091133117676e+00
9.893774986267089844e-02 7.324614375829696655e-02 -1.237068891525268555e+00
8.785934001207351685e-02 6.790667772293090820e-02 -1.245177507400512695e+00
9.365408867597579956e-02 6.779085099697113037e-02 -1.243865132331848145e+00
9.905651211738586426e-02 6.742181628942489624e-02 -1.237941384315490723e+00
8.846607804298400879e-02 6.237973645329475403e-02 -1.253184437751770020e+00
9.380517899990081787e-02 6.194600835442543030e-02 -1.245291948318481445e+00
9.967701882123947144e-02 6.189486011862754822e-02 -1.245125293731689453e+00
8.873768895864486694e-02 5.655695125460624695e-02 -1.256487131118774414e+00
9.430212527513504028e-02 5.628843232989311218e-02 -1.251354694366455078e+00
1.005255803465843201e-01 5.642184615135192871e-02 -1.255197405815124512e+00
8.889827132225036621e-02 5.063410475850105286e-02 -1.258265852928161621e+00
9.470412135124206543e-02 5.051711574196815491e-02 -1.256202101707458496e+00
1.007336825132369995e-01 5.052629113197326660e-02 -1.257316231727600098e+00
8.902601152658462524e-02 4.467302188277244568e-02 -1.259630560874938965e+00
9.454928338527679443e-02 4.443307965993881226e-02 -1.253713369369506836e+00
1.000016480684280396e-01 4.419044777750968933e-02 -1.247753143310546875e+00
8.916609734296798706e-02 3.869997709989547729e-02 -1.261222243309020996e+00
9.493324160575866699e-02 3.858771175146102905e-02 -1.258420586585998535e+00
1.015757098793983459e-01 3.882340714335441589e-02 -1.267012834548950195e+00
8.971296995878219604e-02 3.285692632198333740e-02 -1.268619537353515625e+00
9.507070481777191162e-02 3.260905295610427856e-02 -1.259912133216857910e+00
1.029199138283729553e-01 3.319432958960533142e-02 -1.283447980880737305e+00
9.107275307178497314e-02 2.718237414956092834e-02 -1.287561535835266113e+00
9.529095888137817383e-02 2.663608640432357788e-02 -1.262554168701171875e+00
9.071299433708190918e-02 2.092681638896465302e-02 -1.282247304916381836e+00
9.547077119350433350e-02 2.062641829252243042e-02 -1.264714956283569336e+00
9.041979908943176270e-02 1.473086606711149216e-02 -1.277933359146118164e+00
9.583754092454910278e-02 1.462245080620050430e-02 -1.269407629966735840e+00
9.024695307016372681e-02 8.586110547184944153e-03 -1.275379180908203125e+00
9.606990963220596313e-02 8.559945970773696899e-03 -1.272375941276550293e+00
9.033177793025970459e-02 2.471835352480411530e-03 -1.276525020599365234e+00
9.627701342105865479e-02 2.467296551913022995e-03 -1.275066852569580078e+00
9.077735245227813721e-02 -3.668516874313354492e-03 -1.282827377319335938e+00
9.683093428611755371e-02 -3.664771094918251038e-03 -1.282408475875854492e+00
9.102246910333633423e-02 -9.847579523921012878e-03 -1.286355853080749512e+00
9.714893996715545654e-02 -9.843255393207073212e-03 -1.286683917045593262e+00
9.080571681261062622e-02 -1.597859710454940796e-02 -1.283415913581848145e+00
9.680017083883285522e-02 -1.595222763717174530e-02 -1.282185792922973633e+00
9.057238698005676270e-02 -2.207619138062000275e-02 -1.280299186706542969e+00
9.663139283657073975e-02 -2.205801010131835938e-02 -1.280128598213195801e+00
9.080877900123596191e-02 -2.828848361968994141e-02 -1.283879995346069336e+00
9.690669924020767212e-02 -2.827192656695842743e-02 -1.284011602401733398e+00
9.123993664979934692e-02 -3.460669517517089844e-02 -1.290273904800415039e+00
9.743261337280273438e-02 -3.460981324315071106e-02 -1.291273832321166992e+00
9.129002690315246582e-02 -4.081298783421516418e-02 -1.291337013244628906e+00
9.748040139675140381e-02 -4.081427678465843201e-02 -1.292257070541381836e+00
9.123010933399200439e-02 -4.696942865848541260e-02 -1.290899872779846191e+00
9.742072969675064087e-02 -4.697299003601074219e-02 -1.291870474815368652e+00
9.169460088014602661e-02 -5.342328920960426331e-02 -1.297939538955688477e+00
9.754240512847900391e-02 -5.322308465838432312e-02 -1.293943047523498535e+00
