-1.308977007865905762e-01 -3.206647038459777832e-01 -1.392703413963317871e+00
-1.247692033648490906e-01 -3.215331733226776123e-01 -1.396241784095764160e+00
-1.182201132178306580e-01 -3.213535547256469727e-01 -1.395229816436767578e+00
-1.119908168911933899e-01 -3.220728039741516113e-01 -1.398123621940612793e+00
-1.450126022100448608e-01 -3.298229277133941650e-01 -1.405124664306640625e+00
-1.387174874544143677e-01 -3.303554654121398926e-01 -1.407189369201660156e+00
-1.333727091550827026e-01 -3.333155512809753418e-01 -1.419589757919311523e+00
-1.268653124570846558e-01 -3.335268199443817139e-01 -1.420279741287231445e+00
-1.200543642044067383e-01 -3.329194486141204834e-01 -1.417484521865844727e+00
-1.140088811516761780e-01 -3.344874083995819092e-01 -1.423952698707580566e+00
-1.076969355344772339e-01 -3.354185521602630615e-01 -1.427711725234985352e+00
-1.011909097433090210e-01 -3.358277380466461182e-01 -1.429253339767456055e+00
-9.408342838287353516e-02 -3.341581523418426514e-01 -1.421954751014709473e+00
-8.750605583190917969e-02 -3.342614173889160156e-01 -1.422208547592163086e+00
-8.069001138210296631e-02 -3.333953619003295898e-01 -1.418347239494323730e+00
-7.351268827915191650e-02 -3.307498395442962646e-01 -1.406927108764648438e+00
-6.639114767313003540e-02 -3.278633654117584229e-01 -1.394495248794555664e+00
-1.548141390085220337e-01 -3.294554054737091064e-01 -1.377096891403198242e+00
-1.517236828804016113e-01 -3.367685973644256592e-01 -1.407504916191101074e+00
-1.459658741950988770e-01 -3.385526537895202637e-01 -1.414792299270629883e+00
-1.394680589437484741e-01 -3.387075066566467285e-01 -1.415264606475830078e+00
-1.342160701751708984e-01 -3.420526087284088135e-01 -1.429061651229858398e+00
-1.276374906301498413e-01 -3.421889245510101318e-01 -1.429448127746582031e+00
-1.208590641617774963e-01 -3.417749702930450439e-01 -1.427535533905029297e+00
-1.141789779067039490e-01 -3.416072726249694824e-01 -1.426652431488037109e+00
-1.079562902450561523e-01 -3.428715765476226807e-01 -1.431751608848571777e+00
-1.015341579914093018e-01 -3.436268270015716553e-01 -1.434727430343627930e+00
-9.479130059480667114e-02 -3.433263897895812988e-01 -1.433300137519836426e+00
-8.767848461866378784e-02 -3.415395319461822510e-01 -1.425674676895141602e+00
-8.104387670755386353e-02 -3.414756953716278076e-01 -1.425249814987182617e+00
-7.448226213455200195e-02 -3.417354226112365723e-01 -1.426183581352233887e+00
-6.685712188482284546e-02 -3.366900086402893066e-01 -1.404988288879394531e+00
-6.000340729951858521e-02 -3.348581790924072266e-01 -1.397216081619262695e+00
-5.300162360072135925e-02 -3.316555321216583252e-01 -1.383736729621887207e+00
-1.527524888515472412e-01 -3.313682973384857178e-01 -1.359047651290893555e+00
-1.494321227073669434e-01 -3.381106257438659668e-01 -1.386574268341064453e+00
-1.453986465930938721e-01 -3.437731266021728516e-01 -1.409659266471862793e+00
-1.395475715398788452e-01 -3.454689085483551025e-01 -1.416468858718872070e+00
-1.341022998094558716e-01 -3.483864963054656982e-01 -1.428280711174011230e+00
-1.277275979518890381e-01 -3.490672111511230469e-01 -1.430916786193847656e+00
-1.210334226489067078e-01 -3.489016294479370117e-01 -1.430081367492675781e+00
-1.142971739172935486e-01 -3.485884964466094971e-01 -1.428640842437744141e+00
-1.081823557615280151e-01 -3.502487838268280029e-01 -1.435288310050964355e+00
-1.016210541129112244e-01 -3.505865037441253662e-01 -1.436517477035522461e+00
-9.493634104728698730e-02 -3.505159914493560791e-01 -1.436077237129211426e+00
-8.805347234010696411e-02 -3.496479988098144531e-01 -1.432374715805053711e+00
-8.111950010061264038e-02 -3.484187424182891846e-01 -1.427199125289916992e+00
-7.432737946510314941e-02 -3.476342856884002686e-01 -1.423853278160095215e+00
-6.719503551721572876e-02 -3.449501395225524902e-01 -1.412735700607299805e+00
-6.018640473484992981e-02 -3.423891961574554443e-01 -1.402133107185363770e+00
-5.306688323616981506e-02 -3.384997248649597168e-01 -1.386101603507995605e+00
-4.567202925682067871e-02 -3.315379321575164795e-01 -1.357502460479736328e+00
-1.584859341382980347e-01 -3.236453235149383545e-01 -1.302962660789489746e+00
-1.551219373941421509e-01 -3.293235003948211670e-01 -1.325756788253784180e+00
-1.494850367307662964e-01 -3.304456174373626709e-01 -1.330195903778076172e+00
-1.449358910322189331e-01 -3.341723084449768066e-01 -1.345107197761535645e+00
-1.378971189260482788e-01 -3.322357237339019775e-01 -1.337212920188903809e+00
-1.333871334791183472e-01 -3.364962637424468994e-01 -1.354252934455871582e+00
-1.199901849031448364e-01 -3.524706959724426270e-01 -1.418169975280761719e+00
-1.136059761047363281e-01 -3.530679941177368164e-01 -1.420442700386047363e+00
-1.069941222667694092e-01 -3.529878258705139160e-01 -1.419989347457885742e+00
-1.015199273824691772e-01 -3.568966090679168701e-01 -1.435581922531127930e+00
-9.474628418684005737e-02 -3.564651906490325928e-01 -1.433717489242553711e+00
-8.784271776676177979e-02 -3.554429709911346436e-01 -1.429480552673339844e+00
-8.109708130359649658e-02 -3.549450039863586426e-01 -1.427357077598571777e+00
-7.383278757333755493e-02 -3.518865406513214111e-01 -1.414943456649780273e+00
-6.694031506776809692e-02 -3.501761555671691895e-01 -1.407958388328552246e+00
-5.987927690148353577e-02 -3.471185564994812012e-01 -1.395565390586853027e+00
-5.155950039625167847e-02 -3.351374864578247070e-01 -1.347308158874511719e+00
-4.486554861068725586e-02 -3.318757712841033936e-01 -1.334116458892822266e+00
-3.840511292219161987e-02 -3.295734226703643799e-01 -1.324791550636291504e+00
-1.553511619567871094e-01 -3.359637260437011719e-01 -1.327834606170654297e+00
-1.497556269168853760e-01 -3.372203707695007324e-01 -1.332755684852600098e+00
-1.433285623788833618e-01 -3.366321921348571777e-01 -1.330373406410217285e+00
-1.371343284845352173e-01 -3.365624845027923584e-01 -1.330029606819152832e+00
-1.308688372373580933e-01 -3.363031744956970215e-01 -1.328927755355834961e+00
-1.242316365242004395e-01 -3.350158035755157471e-01 -1.323756456375122070e+00
-1.179892942309379578e-01 -3.347148299217224121e-01 -1.322477340698242188e+00
-1.118580400943756104e-01 -3.347132503986358643e-01 -1.322376728057861328e+00
-1.058609411120414734e-01 -3.351362049579620361e-01 -1.323950529098510742e+00
-1.003100797533988953e-01 -3.371109366416931152e-01 -1.331651806831359863e+00
-9.452900290489196777e-02 -3.385201990604400635e-01 -1.337118029594421387e+00
-8.862766623497009277e-02 -3.396664857864379883e-01 -1.341545343399047852e+00
-8.260685205459594727e-02 -3.404933512210845947e-01 -1.344712376594543457e+00
-7.589173316955566406e-02 -3.383598029613494873e-01 -1.336191058158874512e+00
-6.991352885961532593e-02 -3.394243717193603516e-01 -1.340303301811218262e+00
-6.355480849742889404e-02 -3.386691510677337646e-01 -1.337234020233154297e+00
-5.729654058814048767e-02 -3.383436799049377441e-01 -1.335867643356323242e+00
-5.102613568305969238e-02 -3.378589749336242676e-01 -1.333878874778747559e+00
-4.476942494511604309e-02 -3.373435735702514648e-01 -1.331776261329650879e+00
-3.835228085517883301e-02 -3.352607786655426025e-01 -1.323493599891662598e+00
-1.611422896385192871e-01 -3.413495123386383057e-01 -1.324899792671203613e+00
-1.554180234670639038e-01 -3.422645628452301025e-01 -1.328454136848449707e+00
-1.491218209266662598e-01 -3.419436514377593994e-01 -1.327196002006530762e+00
-1.426719278097152710e-01 -3.412275612354278564e-01 -1.324390888214111328e+00
-1.363836228847503662e-01 -3.408509194850921631e-01 -1.322891592979431152e+00
-1.302229762077331543e-01 -3.407728970050811768e-01 -1.322541236877441406e+00
-1.238766983151435852e-01 -3.401773571968078613e-01 -1.320174098014831543e+00
-1.176623404026031494e-01 -3.399010598659515381e-01 -1.319038748741149902e+00
-1.115945354104042053e-01 -3.400410115718841553e-01 -1.319513320922851562e+00
-1.055104359984397888e-01 -3.401446938514709473e-01 -1.319842815399169922e+00
-9.924609959125518799e-02 -3.396443128585815430e-01 -1.317825436592102051e+00
-9.369529038667678833e-02 -3.416803181171417236e-01 -1.325647115707397461e+00
-8.719319850206375122e-02 -3.402895629405975342e-01 -1.320172905921936035e+00
-8.101204037666320801e-02 -3.400359451770782471e-01 -1.319110989570617676e+00
-7.513833045959472656e-02 -3.411367237567901611e-01 -1.323304653167724609e+00
-6.923041492700576782e-02 -3.422641754150390625e-01 -1.327603578567504883e+00
-6.308723241090774536e-02 -3.423350453376770020e-01 -1.327807188034057617e+00
-5.704417452216148376e-02 -3.430233299732208252e-01 -1.330409646034240723e+00
-5.089928954839706421e-02 -3.431920111179351807e-01 -1.331001400947570801e+00
-4.453808441758155823e-02 -3.417473435401916504e-01 -1.325341939926147461e+00
-3.829254582524299622e-02 -3.408697545528411865e-01 -1.321887969970703125e+00
-3.149479627609252930e-02 -3.338047862052917480e-01 -1.294447064399719238e+00
-1.610389500856399536e-01 -3.472664356231689453e-01 -1.323989629745483398e+00
-1.551901698112487793e-01 -3.479100167751312256e-01 -1.326480507850646973e+00
-1.488226950168609619e-01 -3.473959267139434814e-01 -1.324541091918945312e+00
-1.418851763010025024e-01 -3.454496264457702637e-01 -1.317126631736755371e+00
-1.356805115938186646e-01 -3.451929092407226562e-01 -1.316141009330749512e+00
-1.296001672744750977e-01 -3.452431559562683105e-01 -1.316314697265625000e+00
-1.233618557453155518e-01 -3.448568284511566162e-01 -1.314813971519470215e+00
-1.172023713588714600e-01 -3.446621298789978027e-01 -1.314035773277282715e+00
-1.111410632729530334e-01 -3.447506427764892578e-01 -1.314330577850341797e+00
-1.051464751362800598e-01 -3.450683653354644775e-01 -1.315493345260620117e+00
-9.904019534587860107e-02 -3.450361192226409912e-01 -1.315317749977111816e+00
-9.285126626491546631e-02 -3.446928262710571289e-01 -1.313953280448913574e+00
-8.674427866935729980e-02 -3.446267843246459961e-01 -1.313644051551818848e+00
-8.073791116476058960e-02 -3.449808061122894287e-01 -1.314934730529785156e+00
-7.478651404380798340e-02 -3.456466794013977051e-01 -1.317414164543151855e+00
-6.891038268804550171e-02 -3.468097746372222900e-01 -1.321789622306823730e+00
-6.284587830305099487e-02 -3.471593260765075684e-01 -1.323066115379333496e+00
-5.675880238413810730e-02 -3.474463522434234619e-01 -1.324106574058532715e+00
-5.065728351473808289e-02 -3.477038443088531494e-01 -1.325038194656372070e+00
-4.440787062048912048e-02 -3.468772172927856445e-01 -1.321842432022094727e+00
-3.817798569798469543e-02 -3.459627926349639893e-01 -1.318317055702209473e+00
-3.196821734309196472e-02 -3.449167907238006592e-01 -1.314295649528503418e+00
-1.668417751789093018e-01 -3.526983261108398438e-01 -1.321123719215393066e+00
-1.609006375074386597e-01 -3.530987799167633057e-01 -1.322714686393737793e+00
-1.549683213233947754e-01 -3.535511493682861328e-01 -1.324481010437011719e+00
-1.486906409263610840e-01 -3.532203435897827148e-01 -1.323296070098876953e+00
-1.419098526239395142e-01 -3.516145646572113037e-01 -1.317318320274353027e+00
-1.349799484014511108e-01 -3.494783043861389160e-01 -1.309338808059692383e+00
-1.286856532096862793e-01 -3.488640487194061279e-01 -1.307049036026000977e+00
-1.227146685123443604e-01 -3.491089344024658203e-01 -1.307967185974121094e+00
-1.167967393994331360e-01 -3.495380878448486328e-01 -1.309565901756286621e+00
-1.106438860297203064e-01 -3.492725789546966553e-01 -1.308554410934448242e+00
-1.044683456420898438e-01 -3.489005863666534424e-01 -1.307136774063110352e+00
-9.826879203319549561e-02 -3.483976423740386963e-01 -1.305223464965820312e+00
-9.243708848953247070e-02 -3.492184579372406006e-01 -1.308264613151550293e+00
-8.649168908596038818e-02 -3.496947884559631348e-01 -1.310011982917785645e+00
-8.047110587358474731e-02 -3.499161005020141602e-01 -1.310801744461059570e+00
-7.460930943489074707e-02 -3.509204089641571045e-01 -1.314523458480834961e+00
-6.862536072731018066e-02 -3.514777719974517822e-01 -1.316570162773132324e+00
-6.257893145084381104e-02 -3.517926335334777832e-01 -1.317709207534790039e+00
-5.664002150297164917e-02 -3.528454303741455078e-01 -1.321613192558288574e+00
-5.043351277709007263e-02 -3.522843420505523682e-01 -1.319474458694458008e+00
-4.446604102849960327e-02 -3.534685969352722168e-01 -1.323875308036804199e+00
-3.842689469456672668e-02 -3.543710708618164062e-01 -1.327223777770996094e+00
-3.222475945949554443e-02 -3.538279533386230469e-01 -1.325162172317504883e+00
-1.723224967718124390e-01 -3.574881851673126221e-01 -1.315810441970825195e+00
-1.670720279216766357e-01 -3.593171238899230957e-01 -1.322691679000854492e+00
-1.608733683824539185e-01 -3.591684699058532715e-01 -1.322271704673767090e+00
-1.544743776321411133e-01 -3.585430979728698730e-01 -1.320075869560241699e+00
-1.481690257787704468e-01 -3.580923974514007568e-01 -1.318504214286804199e+00
-1.417063772678375244e-01 -3.572064340114593506e-01 -1.315312504768371582e+00
-1.348910629749298096e-01 -3.553119003772735596e-01 -1.308391332626342773e+00
-1.283241361379623413e-01 -3.539240956306457520e-01 -1.303321838378906250e+00
-1.222698539495468140e-01 -3.538828790187835693e-01 -1.303198933601379395e+00
-1.163904592394828796e-01 -3.543698489665985107e-01 -1.305010437965393066e+00
-1.103075742721557617e-01 -3.542566597461700439e-01 -1.304602503776550293e+00
-1.041156724095344543e-01 -3.537600040435791016e-01 -1.302774071693420410e+00
-9.811386466026306152e-02 -3.538878262042999268e-01 -1.303238630294799805e+00
-9.218246489763259888e-02 -3.543030321598052979e-01 -1.304755806922912598e+00
-8.634188026189804077e-02 -3.551500439643859863e-01 -1.307858586311340332e+00
-8.037364482879638672e-02 -3.555602729320526123e-01 -1.309349179267883301e+00
-7.425524294376373291e-02 -3.553189337253570557e-01 -1.308437824249267578e+00
-6.826450675725936890e-02 -3.556999564170837402e-01 -1.309816598892211914e+00
-6.257162243127822876e-02 -3.578587472438812256e-01 -1.317740678787231445e+00
-5.654435977339744568e-02 -3.583652973175048828e-01 -1.319580674171447754e+00
-5.089699849486351013e-02 -3.616945445537567139e-01 -1.331814527511596680e+00
-4.475907981395721436e-02 -3.619754612445831299e-01 -1.332825183868408203e+00
-3.848223760724067688e-02 -3.610429167747497559e-01 -1.329369664192199707e+00
-3.236458078026771545e-02 -3.615330457687377930e-01 -1.331154823303222656e+00
-1.767096519470214844e-01 -3.600968420505523682e-01 -1.302590250968933105e+00
-1.730567216873168945e-01 -3.651382327079772949e-01 -1.321039319038391113e+00
-1.669573336839675903e-01 -3.651983737945556641e-01 -1.321444034576416016e+00
-1.605529934167861938e-01 -3.645705580711364746e-01 -1.319335937500000000e+00
-1.541282832622528076e-01 -3.638449609279632568e-01 -1.316851496696472168e+00
-1.478004008531570435e-01 -3.632974922657012939e-01 -1.314991474151611328e+00
-1.413583755493164062e-01 -3.624103367328643799e-01 -1.311883211135864258e+00
-1.349808722734451294e-01 -3.616162538528442383e-01 -1.309094786643981934e+00
-1.284695863723754883e-01 -3.603720664978027344e-01 -1.304661750793457031e+00
-1.222205758094787598e-01 -3.597771525382995605e-01 -1.302565097808837891e+00
-1.161479055881500244e-01 -3.596664071083068848e-01 -1.302209377288818359e+00
-1.100859194993972778e-01 -3.595784008502960205e-01 -1.301925539970397949e+00
-1.040297225117683411e-01 -3.595001697540283203e-01 -1.301667571067810059e+00
-9.796565026044845581e-02 -3.593835234642028809e-01 -1.301262259483337402e+00
-9.202216565608978271e-02 -3.597229421138763428e-01 -1.302501082420349121e+00
-8.623761683702468872e-02 -3.607748150825500488e-01 -1.306314229965209961e+00
-8.032524585723876953e-02 -3.614104986190795898e-01 -1.308614969253540039e+00
-7.416047900915145874e-02 -3.609216511249542236e-01 -1.306840300559997559e+00
-6.820549815893173218e-02 -3.614575564861297607e-01 -1.308773159980773926e+00
-6.238968670368194580e-02 -3.629076480865478516e-01 -1.314013600349426270e+00
-5.666295439004898071e-02 -3.652456402778625488e-01 -1.322467327117919922e+00
-5.079521983861923218e-02 -3.671315610408782959e-01 -1.329283475875854492e+00
-4.467126727104187012e-02 -3.674305677413940430e-01 -1.330353736877441406e+00
-3.854278847575187683e-02 -3.677822351455688477e-01 -1.331614971160888672e+00
-3.236573562026023865e-02 -3.677161037921905518e-01 -1.331364274024963379e+00
-2.610091120004653931e-02 -3.663867413997650146e-01 -1.326541185379028320e+00
-1.831148713827133179e-01 -3.668662905693054199e-01 -1.304399967193603516e+00
-1.795632541179656982e-01 -3.720517754554748535e-01 -1.323118329048156738e+00
-1.730053722858428955e-01 -3.711549341678619385e-01 -1.320181131362915039e+00
-1.667646169662475586e-01 -3.708975613117218018e-01 -1.319491147994995117e+00
-1.603500992059707642e-01 -3.702194690704345703e-01 -1.317278742790222168e+00
-1.538390219211578369e-01 -3.692557811737060547e-01 -1.314026832580566406e+00
-1.472778767347335815e-01 -3.680875301361083984e-01 -1.310024499893188477e+00
-1.411344408988952637e-01 -3.679076433181762695e-01 -1.309519767761230469e+00
-1.349163651466369629e-01 -3.675082623958587646e-01 -1.308215737342834473e+00
-1.286462247371673584e-01 -3.669227957725524902e-01 -1.306232690811157227e+00
-1.222347766160964966e-01 -3.658565282821655273e-01 -1.302523136138916016e+00
-1.159671023488044739e-01 -3.651321828365325928e-01 -1.300016760826110840e+00
-1.099198609590530396e-01 -3.650604784488677979e-01 -1.299822092056274414e+00
-1.038484796881675720e-01 -3.648956418037414551e-01 -1.299285173416137695e+00
-9.786978363990783691e-02 -3.650562167167663574e-01 -1.299897193908691406e+00
-9.190353006124496460e-02 -3.652873635292053223e-01 -1.300752401351928711e+00
-8.610518276691436768e-02 -3.662651479244232178e-01 -1.304259181022644043e+00
-8.016739785671234131e-02 -3.667526543140411377e-01 -1.306013822555541992e+00
-7.423540949821472168e-02 -3.673485219478607178e-01 -1.308149099349975586e+00
-6.822963804006576538e-02 -3.676527440547943115e-01 -1.309241294860839844e+00
-6.223881244659423828e-02 -3.681047856807708740e-01 -1.310856461524963379e+00
-5.637768656015396118e-02 -3.695046007633209229e-01 -1.315843939781188965e+00
-5.045159533619880676e-02 -3.707665801048278809e-01 -1.320338249206542969e+00
-4.449302330613136292e-02 -3.721052408218383789e-01 -1.325104117393493652e+00
-3.846305608749389648e-02 -3.731799423694610596e-01 -1.328928947448730469e+00
-3.234715014696121216e-02 -3.736715614795684814e-01 -1.330676794052124023e+00
-2.611063048243522644e-02 -3.726732432842254639e-01 -1.327118873596191406e+00
-1.956725306808948517e-02 -3.653306365013122559e-01 -1.300968766212463379e+00
-1.793437302112579346e-01 -3.777292370796203613e-01 -1.320901513099670410e+00
-1.729897409677505493e-01 -3.772459328174591064e-01 -1.319503545761108398e+00
-1.665753871202468872e-01 -3.765905797481536865e-01 -1.317474961280822754e+00
-1.601641178131103516e-01 -3.758925497531890869e-01 -1.315270185470581055e+00
-1.536931097507476807e-01 -3.749934732913970947e-01 -1.312336802482604980e+00
-1.468917876482009888e-01 -3.731811046600341797e-01 -1.306183099746704102e+00
-1.406520754098892212e-01 -3.727009296417236328e-01 -1.304670572280883789e+00
-1.346591562032699585e-01 -3.728609681129455566e-01 -1.305379867553710938e+00
-1.283391863107681274e-01 -3.720878064632415771e-01 -1.302804231643676758e+00
-1.219843178987503052e-01 -3.711321353912353516e-01 -1.299572944641113281e+00
-1.157171651721000671e-01 -3.703578710556030273e-01 -1.296961665153503418e+00
-1.096675321459770203e-01 -3.702330887317657471e-01 -1.296611547470092773e+00
-1.037953123450279236e-01 -3.707275092601776123e-01 -1.298417806625366211e+00
-9.780807048082351685e-02 -3.708466291427612305e-01 -1.298898935317993164e+00
-9.197572618722915649e-02 -3.716072440147399902e-01 -1.301617383956909180e+00
-8.603174239397048950e-02 -3.719919323921203613e-01 -1.303010702133178711e+00
-8.006541430950164795e-02 -3.723308145999908447e-01 -1.304235816001892090e+00
-7.407926768064498901e-02 -3.726253509521484375e-01 -1.305299162864685059e+00
-6.815786659717559814e-02 -3.733268976211547852e-01 -1.307782292366027832e+00
-6.214671209454536438e-02 -3.736257553100585938e-01 -1.308850049972534180e+00
-5.605918541550636292e-02 -3.734804689884185791e-01 -1.308357596397399902e+00
-5.017133057117462158e-02 -3.747915923595428467e-01 -1.312963485717773438e+00
-4.424417018890380859e-02 -3.761304020881652832e-01 -1.317663669586181641e+00
-3.830904141068458557e-02 -3.778193891048431396e-01 -1.323588132858276367e+00
-3.226175159215927124e-02 -3.788352906703948975e-01 -1.327152729034423828e+00
-2.609284967184066772e-02 -3.785654306411743164e-01 -1.326211214065551758e+00
-1.992470957338809967e-02 -3.781435489654541016e-01 -1.324736237525939941e+00
-1.853184551000595093e-01 -3.835353553295135498e-01 -1.318719625473022461e+00
-1.792728006839752197e-01 -3.837097287178039551e-01 -1.319683313369750977e+00
-1.730098128318786621e-01 -3.834148347377777100e-01 -1.319001674652099609e+00
-1.664365082979202271e-01 -3.823853731155395508e-01 -1.315762639045715332e+00
-1.600246280431747437e-01 -3.816623687744140625e-01 -1.313549637794494629e+00
-1.533255577087402344e-01 -3.801700472831726074e-01 -1.308661699295043945e+00
-1.465391069650650024e-01 -3.783290684223175049e-01 -1.302547693252563477e+00
-1.402326077222824097e-01 -3.776220977306365967e-01 -1.300314426422119141e+00
-1.341787129640579224e-01 -3.775623440742492676e-01 -1.300289154052734375e+00
-1.280526667833328247e-01 -3.772843778133392334e-01 -1.299493432044982910e+00
-1.216680034995079041e-01 -3.761793971061706543e-01 -1.295831084251403809e+00
-1.154865846037864685e-01 -3.756205439567565918e-01 -1.294033765792846680e+00
-1.095328032970428467e-01 -3.757814764976501465e-01 -1.294701099395751953e+00
-1.035190299153327942e-01 -3.757433593273162842e-01 -1.294669389724731445e+00
-9.767565876245498657e-02 -3.763570487499237061e-01 -1.296871542930603027e+00
-9.173653274774551392e-02 -3.766581416130065918e-01 -1.297985672950744629e+00
-8.590016514062881470e-02 -3.774530291557312012e-01 -1.300791621208190918e+00
-7.995598763227462769e-02 -3.778583705425262451e-01 -1.302246451377868652e+00
-7.396019250154495239e-02 -3.780661523342132568e-01 -1.303012251853942871e+00
-6.805519759654998779e-02 -3.788162469863891602e-01 -1.305639982223510742e+00
-6.209278479218482971e-02 -3.793620169162750244e-01 -1.307557344436645508e+00
-5.609598010778427124e-02 -3.797929584980010986e-01 -1.309073328971862793e+00
-5.004326626658439636e-02 -3.799040317535400391e-01 -1.309481739997863770e+00
-4.427372664213180542e-02 -3.824921250343322754e-01 -1.318423867225646973e+00
-3.823919221758842468e-02 -3.832531571388244629e-01 -1.321064591407775879e+00
-3.214379027485847473e-02 -3.835779726505279541e-01 -1.322198271751403809e+00
-2.615071088075637817e-02 -3.855643868446350098e-01 -1.329056501388549805e+00
-2.000171132385730743e-02 -3.857677876949310303e-01 -1.329766035079956055e+00
-1.378493849188089371e-02 -3.842630684375762939e-01 -1.324584960937500000e+00
-1.856429278850555420e-01 -3.903447687625885010e-01 -1.320188999176025391e+00
-1.793589293956756592e-01 -3.900269567966461182e-01 -1.319520711898803711e+00
-1.727315187454223633e-01 -3.889134228229522705e-01 -1.316126585006713867e+00
-1.666931360960006714e-01 -3.890931308269500732e-01 -1.317077159881591797e+00
-1.594195216894149780e-01 -3.862933814525604248e-01 -1.307911515235900879e+00
-1.529706865549087524e-01 -3.853494822978973389e-01 -1.304999709129333496e+00
-1.464113742113113403e-01 -3.840380311012268066e-01 -1.300816416740417480e+00
-1.401327848434448242e-01 -3.833816349506378174e-01 -1.298827528953552246e+00
-1.340133994817733765e-01 -3.831214606761932373e-01 -1.298158645629882812e+00
-1.278700083494186401e-01 -3.827649056911468506e-01 -1.297142505645751953e+00
-1.214949488639831543e-01 -3.816453814506530762e-01 -1.293521642684936523e+00
-1.153016462922096252e-01 -3.810101449489593506e-01 -1.291523814201354980e+00
-1.092635765671730042e-01 -3.808463513851165771e-01 -1.291108012199401855e+00
-1.033736616373062134e-01 -3.812099099159240723e-01 -1.292465090751647949e+00
-9.739541262388229370e-02 -3.812724351882934570e-01 -1.292788386344909668e+00
-9.151555597782135010e-02 -3.817536234855651855e-01 -1.294518947601318359e+00
-8.566401153802871704e-02 -3.824287056922912598e-01 -1.296895861625671387e+00
-7.983825355768203735e-02 -3.833295702934265137e-01 -1.300028324127197266e+00
-7.396293431520462036e-02 -3.841201066970825195e-01 -1.302777767181396484e+00
-6.786895543336868286e-02 -3.838147521018981934e-01 -1.301801443099975586e+00
-6.205519288778305054e-02 -3.851891160011291504e-01 -1.306514859199523926e+00
-5.613721907138824463e-02 -3.861439824104309082e-01 -1.309798479080200195e+00
-5.019961670041084290e-02 -3.871790468692779541e-01 -1.313347816467285156e+00
-4.440085962414741516e-02 -3.897184729576110840e-01 -1.321994662284851074e+00
-3.828473016619682312e-02 -3.898394703865051270e-01 -1.322432518005371094e+00
-3.206912428140640259e-02 -3.888005316257476807e-01 -1.318930625915527344e+00
-2.603011578321456909e-02 -3.899174630641937256e-01 -1.322737812995910645e+00
-2.003630995750427246e-02 -3.926084935665130615e-01 -1.331880569458007812e+00
-1.391698606312274933e-02 -3.941415250301361084e-01 -1.337091445922851562e+00
-1.922917217016220093e-01 -3.975389301776885986e-01 -1.322271704673767090e+00
-1.861397475004196167e-01 -3.975436687469482422e-01 -1.322774648666381836e+00
-1.795961856842041016e-01 -3.966838717460632324e-01 -1.320363998413085938e+00
-1.727324575185775757e-01 -3.950310051441192627e-01 -1.315276622772216797e+00
-1.662405580282211304e-01 -3.941382765769958496e-01 -1.312685847282409668e+00
-1.590005755424499512e-01 -3.913363516330718994e-01 -1.303703069686889648e+00
-1.527980268001556396e-01 -3.909670114517211914e-01 -1.302793145179748535e+00
-1.465062648057937622e-01 -3.903294801712036133e-01 -1.300962328910827637e+00
-1.401750296354293823e-01 -3.895273804664611816e-01 -1.298557400703430176e+00
-1.340114325284957886e-01 -3.891400098800659180e-01 -1.297511100769042969e+00
-1.275279819965362549e-01 -3.877436518669128418e-01 -1.293077707290649414e+00
-1.215076744556427002e-01 -3.876870572566986084e-01 -1.293091654777526855e+00
-1.151349768042564392e-01 -3.864418566226959229e-01 -1.289121747016906738e+00
-1.089988574385643005e-01 -3.858976066112518311e-01 -1.287472128868103027e+00
-1.030773147940635681e-01 -3.860941529273986816e-01 -1.288277626037597656e+00
-9.716584533452987671e-02 -3.863548040390014648e-01 -1.289282321929931641e+00
-9.127622097730636597e-02 -3.867422938346862793e-01 -1.290696740150451660e+00
-8.545136451721191406e-02 -3.874778151512145996e-01 -1.293260335922241211e+00
-7.967524230480194092e-02 -3.885621130466461182e-01 -1.296976685523986816e+00
-7.374542206525802612e-02 -3.890126943588256836e-01 -1.298567175865173340e+00
-6.779441982507705688e-02 -3.894217908382415771e-01 -1.300009250640869141e+00
-6.178870052099227905e-02 -3.895657658576965332e-01 -1.300557136535644531e+00
-5.594012513756752014e-02 -3.908387422561645508e-01 -1.304865956306457520e+00
-5.019970238208770752e-02 -3.932678103446960449e-01 -1.313027143478393555e+00
-4.428491741418838501e-02 -3.948128819465637207e-01 -1.318229913711547852e+00
-3.823759779334068298e-02 -3.954819142818450928e-01 -1.320501208305358887e+00
-3.204293549060821533e-02 -3.945915997028350830e-01 -1.317559599876403809e+00
-2.594240382313728333e-02 -3.947141170501708984e-01 -1.317993640899658203e+00
-1.995316147804260254e-02 -3.971270918846130371e-01 -1.326070308685302734e+00
-1.386527810245752335e-02 -3.988516032695770264e-01 -1.331843018531799316e+00
-2.024467438459396362e-01 -3.994442820549011230e-01 -1.306092143058776855e+00
-1.925591379404067993e-01 -4.042545258998870850e-01 -1.323007225990295410e+00
-1.862717717885971069e-01 -4.039842784404754639e-01 -1.322655320167541504e+00
-1.792043149471282959e-01 -4.019458591938018799e-01 -1.316474080085754395e+00
-1.726465523242950439e-01 -4.009468257427215576e-01 -1.313658118247985840e+00
-1.655625551939010620e-01 -3.986074626445770264e-01 -1.306413531303405762e+00
-1.592402756214141846e-01 -3.979936540126800537e-01 -1.304790019989013672e+00
-1.529178023338317871e-01 -3.973307013511657715e-01 -1.302974700927734375e+00
-1.462808400392532349e-01 -3.957622051239013672e-01 -1.298159956932067871e+00
-1.400628238916397095e-01 -3.952409327030181885e-01 -1.296752810478210449e+00
-1.338788419961929321e-01 -3.947731852531433105e-01 -1.295495867729187012e+00
-1.277065873146057129e-01 -3.942976295948028564e-01 -1.294189691543579102e+00
-1.211979612708091736e-01 -3.926852345466613770e-01 -1.289129495620727539e+00
-1.150533407926559448e-01 -3.921459615230560303e-01 -1.287570834159851074e+00
-1.088923662900924683e-01 -3.914888203144073486e-01 -1.285605669021606445e+00
-1.028865724802017212e-01 -3.913456201553344727e-01 -1.285310864448547363e+00
-9.705925732851028442e-02 -3.919055163860321045e-01 -1.287308692932128906e+00
-9.106586128473281860e-02 -3.918242454528808594e-01 -1.287185668945312500e+00
-8.527700603008270264e-02 -3.926734030246734619e-01 -1.290105342864990234e+00
-7.951871305704116821e-02 -3.938021659851074219e-01 -1.293931126594543457e+00
-7.357280701398849487e-02 -3.941102921962738037e-01 -1.295048475265502930e+00
-6.770875304937362671e-02 -3.949506282806396484e-01 -1.297903656959533691e+00
-6.164376437664031982e-02 -3.946685791015625000e-01 -1.297059655189514160e+00
-5.572571977972984314e-02 -3.953680396080017090e-01 -1.299431562423706055e+00
-4.998659342527389526e-02 -3.976605236530303955e-01 -1.307030200958251953e+00
-4.417807981371879578e-02 -3.999576270580291748e-01 -1.314635872840881348e+00
-3.817199170589447021e-02 -4.009152352809906006e-01 -1.317831158638000488e+00
-3.206538408994674683e-02 -4.009808897972106934e-01 -1.318086504936218262e+00
-2.596790529787540436e-02 -4.012186229228973389e-01 -1.318900108337402344e+00
-1.987685263156890869e-02 -4.017326533794403076e-01 -1.320614933967590332e+00
-1.380477752536535263e-02 -4.032588601112365723e-01 -1.325650215148925781e+00
-1.977990865707397461e-01 -4.085113704204559326e-01 -1.315034866333007812e+00
-1.926158666610717773e-01 -4.105382561683654785e-01 -1.322179317474365234e+00
-1.852560639381408691e-01 -4.079065322875976562e-01 -1.314278483390808105e+00
-1.787373125553131104e-01 -4.070100188255310059e-01 -1.311925053596496582e+00
-1.719087064266204834e-01 -4.053195118904113770e-01 -1.306972146034240723e+00
-1.652045845985412598e-01 -4.038091897964477539e-01 -1.302561998367309570e+00
-1.589487642049789429e-01 -4.033212661743164062e-01 -1.301414847373962402e+00
-1.525202691555023193e-01 -4.023392498493194580e-01 -1.298640847206115723e+00
-1.461497098207473755e-01 -4.014353156089782715e-01 -1.296088099479675293e+00
-1.400272399187088013e-01 -4.011643826961517334e-01 -1.295550584793090820e+00
-1.338837593793869019e-01 -4.008061587810516357e-01 -1.294704675674438477e+00
-1.275615543127059937e-01 -3.998539745807647705e-01 -1.291914939880371094e+00
-1.212093755602836609e-01 -3.987091779708862305e-01 -1.288478374481201172e+00
-1.149506345391273499e-01 -3.977687358856201172e-01 -1.285679578781127930e+00
-1.089005246758460999e-01 -3.974867165088653564e-01 -1.284987926483154297e+00
-1.028940379619598389e-01 -3.973404169082641602e-01 -1.284716248512268066e+00
-9.694756567478179932e-02 -3.974221348762512207e-01 -1.285163760185241699e+00
-9.109211713075637817e-02 -3.979122042655944824e-01 -1.286915659904479980e+00
-8.501803129911422729e-02 -3.974489867687225342e-01 -1.285568714141845703e+00
-7.913607358932495117e-02 -3.978817164897918701e-01 -1.287105321884155273e+00
-7.354036718606948853e-02 -3.999419808387756348e-01 -1.293893814086914062e+00
-6.759613752365112305e-02 -4.003046452999114990e-01 -1.295178055763244629e+00
-6.161606684327125549e-02 -4.005051851272583008e-01 -1.295925736427307129e+00
-5.573505908250808716e-02 -4.014626145362854004e-01 -1.299111247062683105e+00
-4.987365752458572388e-02 -4.028106033802032471e-01 -1.303550481796264648e+00
-4.400518909096717834e-02 -4.044658243656158447e-01 -1.308974027633666992e+00
-3.813048452138900757e-02 -4.065845012664794922e-01 -1.315888285636901855e+00
-3.203106671571731567e-02 -4.066581130027770996e-01 -1.316174745559692383e+00
-2.592561021447181702e-02 -4.066716432571411133e-01 -1.316257953643798828e+00
-1.988023146986961365e-02 -4.079262912273406982e-01 -1.320349454879760742e+00
-1.377113629132509232e-02 -4.084087312221527100e-01 -1.321933507919311523e+00
-7.525018882006406784e-03 -4.023397266864776611e-01 -1.302303194999694824e+00
-1.970862597227096558e-01 -4.131512939929962158e-01 -1.308923840522766113e+00
-1.915878206491470337e-01 -4.144787490367889404e-01 -1.313793301582336426e+00
-1.844448447227478027e-01 -4.122186005115509033e-01 -1.307247281074523926e+00
-1.778898835182189941e-01 -4.111629724502563477e-01 -1.304476022720336914e+00
-1.714249253273010254e-01 -4.102479815483093262e-01 -1.302110552787780762e+00
-1.648453623056411743e-01 -4.089815020561218262e-01 -1.298590779304504395e+00
-1.580554693937301636e-01 -4.070768058300018311e-01 -1.293006777763366699e+00
-1.519898027181625366e-01 -4.069603681564331055e-01 -1.293068289756774902e+00
-1.458268761634826660e-01 -4.065631628036499023e-01 -1.292206883430480957e+00
-1.397961527109146118e-01 -4.065162241458892822e-01 -1.292429327964782715e+00
-1.336900293827056885e-01 -4.062359333038330078e-01 -1.291882395744323730e+00
-1.273044496774673462e-01 -4.050401747226715088e-01 -1.288397192955017090e+00
-1.209057196974754333e-01 -4.036823213100433350e-01 -1.284370183944702148e+00
-1.146835610270500183e-01 -4.028035402297973633e-01 -1.281842947006225586e+00
-1.088222414255142212e-01 -4.031652510166168213e-01 -1.283241629600524902e+00
-1.029890850186347961e-01 -4.036794006824493408e-01 -1.285105347633361816e+00
-9.705338627099990845e-02 -4.038300812244415283e-01 -1.285793662071228027e+00
-9.098824113607406616e-02 -4.034266173839569092e-01 -1.284699201583862305e+00
-8.514540642499923706e-02 -4.040214121341705322e-01 -1.286766529083251953e+00
-7.922065258026123047e-02 -4.042879045009613037e-01 -1.287772774696350098e+00
-7.332828640937805176e-02 -4.047767519950866699e-01 -1.289472222328186035e+00
-6.756806373596191406e-02 -4.061468541622161865e-01 -1.293965101242065430e+00
-6.166119873523712158e-02 -4.068168401718139648e-01 -1.296214938163757324e+00
-5.572768673300743103e-02 -4.074369966983795166e-01 -1.298293113708496094e+00
-4.978539794683456421e-02 -4.081356227397918701e-01 -1.300609350204467773e+00
-4.393236711621284485e-02 -4.098598361015319824e-01 -1.306182622909545898e+00
-3.798479214310646057e-02 -4.111128449440002441e-01 -1.310243368148803711e+00
-3.198250755667686462e-02 -4.121386706829071045e-01 -1.313569784164428711e+00
-2.585310488939285278e-02 -4.116237461566925049e-01 -1.311975002288818359e+00
-1.987087354063987732e-02 -4.138567447662353516e-01 -1.319128870964050293e+00
-1.376881822943687439e-02 -4.144715666770935059e-01 -1.321115016937255859e+00
-7.599761243909597397e-03 -4.124374091625213623e-01 -1.314648151397705078e+00
-2.032424807548522949e-01 -4.193544685840606689e-01 -1.306958675384521484e+00
-1.973202973604202271e-01 -4.197611808776855469e-01 -1.308982133865356445e+00
-1.909318417310714722e-01 -4.191702902317047119e-01 -1.307848691940307617e+00
-1.842177361249923706e-01 -4.178017377853393555e-01 -1.304242134094238281e+00
-1.774892210960388184e-01 -4.163058102130889893e-01 -1.300192117691040039e+00
-1.707930117845535278e-01 -4.147824048995971680e-01 -1.296012878417968750e+00
-1.645198166370391846e-01 -4.142121970653533936e-01 -1.294771552085876465e+00
-1.581334918737411499e-01 -4.133028984069824219e-01 -1.292432904243469238e+00
-1.514448225498199463e-01 -4.115000069141387939e-01 -1.287263393402099609e+00
-1.453330367803573608e-01 -4.111805856227874756e-01 -1.286700010299682617e+00
-1.392881721258163452e-01 -4.110310971736907959e-01 -1.286638021469116211e+00
-1.331433355808258057e-01 -4.105598926544189453e-01 -1.285539507865905762e+00
-1.267743259668350220e-01 -4.093205630779266357e-01 -1.282007455825805664e+00
-1.204403340816497803e-01 -4.080774486064910889e-01 -1.278435826301574707e+00
-1.144969165325164795e-01 -4.080972671508789062e-01 -1.278795361518859863e+00
-1.087215095758438110e-01 -4.087508916854858398e-01 -1.281118869781494141e+00
-1.029530689120292664e-01 -4.095080494880676270e-01 -1.283745765686035156e+00
-9.700615704059600830e-02 -4.096048176288604736e-01 -1.284282445907592773e+00
-9.105215966701507568e-02 -4.096823930740356445e-01 -1.284739494323730469e+00
-8.505032211542129517e-02 -4.095405340194702148e-01 -1.284489870071411133e+00
-7.911101728677749634e-02 -4.097010791301727295e-01 -1.285171151161193848e+00
-7.323668152093887329e-02 -4.102517366409301758e-01 -1.287059903144836426e+00
-6.746118515729904175e-02 -4.115032851696014404e-01 -1.291132211685180664e+00
-6.161692738533020020e-02 -4.125387966632843018e-01 -1.294512391090393066e+00
-5.569365993142127991e-02 -4.132120609283447266e-01 -1.296742081642150879e+00
-4.972705990076065063e-02 -4.136881232261657715e-01 -1.298339366912841797e+00
-4.389820247888565063e-02 -4.155997037887573242e-01 -1.304429173469543457e+00
-3.797296062111854553e-02 -4.170647859573364258e-01 -1.309105634689331055e+00
-3.190874680876731873e-02 -4.172711372375488281e-01 -1.309818983078002930e+00
-2.585698105394840240e-02 -4.177758395671844482e-01 -1.311456918716430664e+00
-1.979622431099414825e-02 -4.184014499187469482e-01 -1.313462972640991211e+00
-1.376077812165021896e-02 -4.203575253486633301e-01 -1.319634199142456055e+00
-7.643166929483413696e-03 -4.209293723106384277e-01 -1.321449041366577148e+00
-1.481527229771018028e-03 -4.138595759868621826e-01 -1.299262523651123047e+00
-2.102847248315811157e-01 -4.273555278778076172e-01 -1.310221433639526367e+00
-2.045168876647949219e-01 -4.281356930732727051e-01 -1.313472628593444824e+00
-1.981571763753890991e-01 -4.276867806911468506e-01 -1.312904357910156250e+00
-1.906484216451644897e-01 -4.246496856212615967e-01 -1.304337620735168457e+00
-1.839614659547805786e-01 -4.233027696609497070e-01 -1.300909638404846191e+00
-1.765630096197128296e-01 -4.201705753803253174e-01 -1.291945219039916992e+00
-1.705359667539596558e-01 -4.201957881450653076e-01 -1.292643547058105469e+00
-1.644903123378753662e-01 -4.201752543449401855e-01 -1.293162584304809570e+00
-1.581079065799713135e-01 -4.192602038383483887e-01 -1.290890455245971680e+00
-1.511942744255065918e-01 -4.168082177639007568e-01 -1.283846855163574219e+00
-1.449068188667297363e-01 -4.159513115882873535e-01 -1.281679391860961914e+00
-1.388121247291564941e-01 -4.155978262424468994e-01 -1.281030058860778809e+00
-1.326106339693069458e-01 -4.148784577846527100e-01 -1.279221892356872559e+00
-1.265268325805664062e-01 -4.144769310951232910e-01 -1.278364181518554688e+00
-1.204664781689643860e-01 -4.141162633895874023e-01 -1.277604937553405762e+00
-1.144554093480110168e-01 -4.138964116573333740e-01 -1.277253746986389160e+00
-1.085893362760543823e-01 -4.142055213451385498e-01 -1.278510451316833496e+00
-1.026317253708839417e-01 -4.141810834407806396e-01 -1.278714895248413086e+00
-9.690780937671661377e-02 -4.151547551155090332e-01 -1.281979203224182129e+00
-9.099595993757247925e-02 -4.153982102870941162e-01 -1.282968521118164062e+00
-8.497303724288940430e-02 -4.151332676410675049e-01 -1.282367467880249023e+00
-7.892883569002151489e-02 -4.147164821624755859e-01 -1.281278252601623535e+00
-7.301353663206100464e-02 -4.149642288684844971e-01 -1.282223820686340332e+00
-6.728056818246841431e-02 -4.163844585418701172e-01 -1.286775469779968262e+00
-6.150901317596435547e-02 -4.178197681903839111e-01 -1.291358590126037598e+00
-5.559531971812248230e-02 -4.184956252574920654e-01 -1.293579220771789551e+00
-4.973464459180831909e-02 -4.197829365730285645e-01 -1.297674894332885742e+00
-4.388116300106048584e-02 -4.214946627616882324e-01 -1.303068876266479492e+00
-3.790973499417304993e-02 -4.224402308464050293e-01 -1.306080222129821777e+00
-3.192879632115364075e-02 -4.236201643943786621e-01 -1.309802889823913574e+00
-2.587039209902286530e-02 -4.240860342979431152e-01 -1.311304450035095215e+00
-1.979182474315166473e-02 -4.244065880775451660e-01 -1.312343716621398926e+00
-1.376224029809236526e-02 -4.265308380126953125e-01 -1.318947315216064453e+00
-7.678357418626546860e-03 -4.290319681167602539e-01 -1.326703786849975586e+00
-1.494563184678554535e-03 -4.235874712467193604e-01 -1.309877038002014160e+00
4.493145272135734558e-03 -4.144875407218933105e-01 -1.281733870506286621e+00
-2.159208506345748901e-01 -4.324858188629150391e-01 -1.304350256919860840e+00
-2.122554779052734375e-01 -4.375587105751037598e-01 -1.320621371269226074e+00
-2.049371898174285889e-01 -4.351798593997955322e-01 -1.314355015754699707e+00
-1.978211849927902222e-01 -4.330964088439941406e-01 -1.308920502662658691e+00
-1.905030161142349243e-01 -4.304227232933044434e-01 -1.301644563674926758e+00
-1.838970631361007690e-01 -4.292347431182861328e-01 -1.298807859420776367e+00
-1.773415058851242065e-01 -4.280870854854583740e-01 -1.296045184135437012e+00
-1.703802496194839478e-01 -4.258442223072052002e-01 -1.289919018745422363e+00
-1.641831994056701660e-01 -4.254168570041656494e-01 -1.289247751235961914e+00
-1.580087542533874512e-01 -4.250176846981048584e-01 -1.288622736930847168e+00
-1.511778533458709717e-01 -4.227512180805206299e-01 -1.282296061515808105e+00
-1.447383910417556763e-01 -4.214375317096710205e-01 -1.278820276260375977e+00
-1.385434269905090332e-01 -4.207533895969390869e-01 -1.277219176292419434e+00
-1.324186176061630249e-01 -4.202303588390350342e-01 -1.276074528694152832e+00
-1.265287548303604126e-01 -4.204387962818145752e-01 -1.277120947837829590e+00
-1.206187307834625244e-01 -4.205974936485290527e-01 -1.277987837791442871e+00
-1.146488115191459656e-01 -4.205529689788818359e-01 -1.278210401535034180e+00
-1.083249673247337341e-01 -4.191341698169708252e-01 -1.274228692054748535e+00
-1.025318428874015808e-01 -4.197233915328979492e-01 -1.276326656341552734e+00
-9.665831178426742554e-02 -4.200357496738433838e-01 -1.277559518814086914e+00
-9.087096154689788818e-02 -4.207881093025207520e-01 -1.280109047889709473e+00
-8.487729728221893311e-02 -4.206237196922302246e-01 -1.279848456382751465e+00
-7.878763228654861450e-02 -4.199227690696716309e-01 -1.277934432029724121e+00
-7.290834933519363403e-02 -4.203202426433563232e-01 -1.279343485832214355e+00
-6.710971891880035400e-02 -4.212947487831115723e-01 -1.282490611076354980e+00
-6.131631135940551758e-02 -4.224954247474670410e-01 -1.286308884620666504e+00
-5.550998821854591370e-02 -4.238572716712951660e-01 -1.290601730346679688e+00
-4.973770678043365479e-02 -4.258408248424530029e-01 -1.296771645545959473e+00
-4.379215091466903687e-02 -4.266836941242218018e-01 -1.299452543258666992e+00
-3.784997761249542236e-02 -4.278346896171569824e-01 -1.303056478500366211e+00
-3.189625591039657593e-02 -4.292690753936767578e-01 -1.307508707046508789e+00
-2.588579803705215454e-02 -4.304356873035430908e-01 -1.311130762100219727e+00
-1.980196870863437653e-02 -4.307253956794738770e-01 -1.312067031860351562e+00
-1.372856553643941879e-02 -4.316007792949676514e-01 -1.314773082733154297e+00
-7.657530717551708221e-03 -4.340161383152008057e-01 -1.322155833244323730e+00
-1.515607349574565887e-03 -4.357238411903381348e-01 -1.327368736267089844e+00
-2.158880084753036499e-01 -4.385452866554260254e-01 -1.302104949951171875e+00
-2.113139778375625610e-01 -4.417883753776550293e-01 -1.312755703926086426e+00
-2.047734260559082031e-01 -4.409915804862976074e-01 -1.311353087425231934e+00
-1.968086063861846924e-01 -4.369829595088958740e-01 -1.300337314605712891e+00
-1.902223974466323853e-01 -4.358766973018646240e-01 -1.297897815704345703e+00
-1.838255971670150757e-01 -4.351457059383392334e-01 -1.296524405479431152e+00
-1.771250069141387939e-01 -4.336209595203399658e-01 -1.292736291885375977e+00
-1.703526973724365234e-01 -4.318064749240875244e-01 -1.288035273551940918e+00
-1.640485674142837524e-01 -4.310890734195709229e-01 -1.286561012268066406e+00
-1.575600802898406982e-01 -4.298141002655029297e-01 -1.283380031585693359e+00
-1.515165120363235474e-01 -4.296999275684356689e-01 -1.283625006675720215e+00
-1.447992026805877686e-01 -4.275867640972137451e-01 -1.277859330177307129e+00
-1.385895460844039917e-01 -4.268554151058197021e-01 -1.276185274124145508e+00
-1.325076371431350708e-01 -4.264694452285766602e-01 -1.275509476661682129e+00
-1.264997869729995728e-01 -4.262966811656951904e-01 -1.275439381599426270e+00
-1.205791980028152466e-01 -4.264154732227325439e-01 -1.276211500167846680e+00
-1.145754754543304443e-01 -4.262373447418212891e-01 -1.276066184043884277e+00
-1.085154637694358826e-01 -4.258187711238861084e-01 -1.275173068046569824e+00
-1.023668870329856873e-01 -4.249839484691619873e-01 -1.273006319999694824e+00
-9.654074162244796753e-02 -4.254674315452575684e-01 -1.274763107299804688e+00
-9.063357114791870117e-02 -4.256337583065032959e-01 -1.275546073913574219e+00
-8.467753231525421143e-02 -4.255778193473815918e-01 -1.275640249252319336e+00
-7.875118404626846313e-02 -4.256739914417266846e-01 -1.276168227195739746e+00
-7.289478927850723267e-02 -4.261948466300964355e-01 -1.277948737144470215e+00
-6.707067787647247314e-02 -4.270138144493103027e-01 -1.280603528022766113e+00
-6.122519448399543762e-02 -4.278433322906494141e-01 -1.283271074295043945e+00
-5.538946762681007385e-02 -4.289279580116271973e-01 -1.286685466766357422e+00
-4.956189170479774475e-02 -4.303463101387023926e-01 -1.291083693504333496e+00
-4.371810704469680786e-02 -4.319959878921508789e-01 -1.296159148216247559e+00
-3.779798373579978943e-02 -4.332989454269409180e-01 -1.300177574157714844e+00
-3.186760842800140381e-02 -4.349586367607116699e-01 -1.305250287055969238e+00
-2.588934078812599182e-02 -4.365926086902618408e-01 -1.310229659080505371e+00
-1.978562586009502411e-02 -4.364661276340484619e-01 -1.309909939765930176e+00
-1.372503582388162613e-02 -4.376019239425659180e-01 -1.313362360000610352e+00
-7.619625888764858246e-03 -4.379851818084716797e-01 -1.314540386199951172e+00
-1.507707405835390091e-03 -4.395925700664520264e-01 -1.319376349449157715e+00
-2.104183286428451538e-01 -4.460602700710296631e-01 -1.305051803588867188e+00
-2.034956365823745728e-01 -4.443607628345489502e-01 -1.301091194152832031e+00
-1.966582834720611572e-01 -4.427479505538940430e-01 -1.297323584556579590e+00
-1.898702085018157959e-01 -4.411464035511016846e-01 -1.293531060218811035e+00
-1.834828406572341919e-01 -4.404007792472839355e-01 -1.292194366455078125e+00
-1.766895949840545654e-01 -4.385966062545776367e-01 -1.287700176239013672e+00
-1.703193783760070801e-01 -4.377520084381103516e-01 -1.285973310470581055e+00
-1.641813516616821289e-01 -4.374640285968780518e-01 -1.285836815834045410e+00
-1.575384438037872314e-01 -4.357576072216033936e-01 -1.281486630439758301e+00
-1.508851498365402222e-01 -4.338861107826232910e-01 -1.276606321334838867e+00
-1.451247334480285645e-01 -4.345337152481079102e-01 -1.279098272323608398e+00
-1.387933045625686646e-01 -4.334537684917449951e-01 -1.276468515396118164e+00
-1.326387226581573486e-01 -4.328538179397583008e-01 -1.275215744972229004e+00
-1.265370696783065796e-01 -4.323782324790954590e-01 -1.274295210838317871e+00
-1.203726455569267273e-01 -4.316306412220001221e-01 -1.272539973258972168e+00
-1.143865659832954407e-01 -4.314780831336975098e-01 -1.272507905960083008e+00
-1.083305552601814270e-01 -4.310305118560791016e-01 -1.271576523780822754e+00
-1.024344265460968018e-01 -4.312040805816650391e-01 -1.272449374198913574e+00
-9.647186100482940674e-02 -4.311021864414215088e-01 -1.272482991218566895e+00
-9.048446267843246460e-02 -4.308686256408691406e-01 -1.272102355957031250e+00
-8.468690514564514160e-02 -4.315697848796844482e-01 -1.274457216262817383e+00
-7.879225164651870728e-02 -4.318445622920989990e-01 -1.275529861450195312e+00
-7.297994941473007202e-02 -4.326524436473846436e-01 -1.278155207633972168e+00
-6.701224297285079956e-02 -4.326007962226867676e-01 -1.278219938278198242e+00
-6.114926561713218689e-02 -4.332811832427978516e-01 -1.280426621437072754e+00
-5.527095496654510498e-02 -4.339882433414459229e-01 -1.282692551612854004e+00
-4.947704449295997620e-02 -4.356099963188171387e-01 -1.287642717361450195e+00
-4.361473023891448975e-02 -4.369939863681793213e-01 -1.291871905326843262e+00
-3.773066028952598572e-02 -4.385683536529541016e-01 -1.296645760536193848e+00
-3.179130330681800842e-02 -4.399777948856353760e-01 -1.300914168357849121e+00
-2.578952163457870483e-02 -4.409837424755096436e-01 -1.303972005844116211e+00
-1.978998444974422455e-02 -4.426597654819488525e-01 -1.308993697166442871e+00
-1.368949934840202332e-02 -4.425651431083679199e-01 -1.308761835098266602e+00
-7.603620178997516632e-03 -4.431697130203247070e-01 -1.310580253601074219e+00
-1.478865393437445164e-03 -4.372057020664215088e-01 -1.292955636978149414e+00
4.588458221405744553e-03 -4.415258467197418213e-01 -1.305727243423461914e+00
1.051206048578023911e-02 -4.349742233753204346e-01 -1.286330580711364746e+00
-2.096056342124938965e-01 -4.504581391811370850e-01 -1.297735929489135742e+00
-2.029882073402404785e-01 -4.493584632873535156e-01 -1.295629858970642090e+00
-1.961746215820312500e-01 -4.477428495883941650e-01 -1.291975259780883789e+00
-1.898104250431060791e-01 -4.470823407173156738e-01 -1.291019201278686523e+00
-1.833932995796203613e-01 -4.462493360042572021e-01 -1.289511322975158691e+00
-1.768136769533157349e-01 -4.449504613876342773e-01 -1.286604642868041992e+00
-1.703223139047622681e-01 -4.437895715236663818e-01 -1.284045934677124023e+00
-1.637448221445083618e-01 -4.423108696937561035e-01 -1.280518531799316406e+00
-1.572924703359603882e-01 -4.410703182220458984e-01 -1.277633428573608398e+00
-1.508664786815643311e-01 -4.398083686828613281e-01 -1.274641633033752441e+00
-1.447323262691497803e-01 -4.393282234668731689e-01 -1.273873686790466309e+00
-1.387675106525421143e-01 -4.393428266048431396e-01 -1.274502277374267578e+00
-1.327059417963027954e-01 -4.390386641025543213e-01 -1.274169921875000000e+00
-1.263842135667800903e-01 -4.378046989440917969e-01 -1.271102547645568848e+00
-1.202833205461502075e-01 -4.372515678405761719e-01 -1.269976854324340820e+00
-1.141517832875251770e-01 -4.365237653255462646e-01 -1.268310785293579102e+00
-1.082766875624656677e-01 -4.367505609989166260e-01 -1.269387483596801758e+00
-1.022531911730766296e-01 -4.363704323768615723e-01 -1.268670797348022461e+00
-9.620761871337890625e-02 -4.358434379100799561e-01 -1.267498135566711426e+00
-9.044930338859558105e-02 -4.366340637207031250e-01 -1.270130515098571777e+00
-8.459661900997161865e-02 -4.370480775833129883e-01 -1.271642565727233887e+00
-7.872997969388961792e-02 -4.374471008777618408e-01 -1.273086428642272949e+00
-7.287342846393585205e-02 -4.379719495773315430e-01 -1.274872660636901855e+00
-6.699709594249725342e-02 -4.384606480598449707e-01 -1.276530861854553223e+00
-6.118909269571304321e-02 -4.395356476306915283e-01 -1.279874205589294434e+00
-5.531169474124908447e-02 -4.402906894683837891e-01 -1.282264709472656250e+00
-4.938653856515884399e-02 -4.408026039600372314e-01 -1.283926248550415039e+00
-4.353898391127586365e-02 -4.422441720962524414e-01 -1.288275241851806641e+00
-3.767711669206619263e-02 -4.439786374568939209e-01 -1.293457984924316406e+00
-3.173447027802467346e-02 -4.452410042285919189e-01 -1.297246336936950684e+00
-2.578375115990638733e-02 -4.469581842422485352e-01 -1.302340507507324219e+00
-1.972373761236667633e-02 -4.472551643848419189e-01 -1.303277373313903809e+00
-1.368302665650844574e-02 -4.484492540359497070e-01 -1.306809186935424805e+00
-7.554965093731880188e-03 -4.463994503021240234e-01 -1.300868988037109375e+00
-1.491306698881089687e-03 -4.469569027423858643e-01 -1.302507638931274414e+00
4.616464953869581223e-03 -4.503398537635803223e-01 -1.312361359596252441e+00
1.067459397017955780e-02 -4.477839171886444092e-01 -1.304889202117919922e+00
-2.025437057018280029e-01 -4.544667899608612061e-01 -1.290434241294860840e+00
-1.962336748838424683e-01 -4.539632201194763184e-01 -1.290059804916381836e+00
-1.896023303270339966e-01 -4.526603221893310547e-01 -1.287356019020080566e+00
-1.834716200828552246e-01 -4.525059759616851807e-01 -1.287863612174987793e+00
-1.768314242362976074e-01 -4.510415494441986084e-01 -1.284589529037475586e+00
-1.702270805835723877e-01 -4.495681524276733398e-01 -1.281236171722412109e+00
-1.637202650308609009e-01 -4.482536017894744873e-01 -1.278284549713134766e+00
-1.570390015840530396e-01 -4.463430345058441162e-01 -1.273583531379699707e+00
-1.508844047784805298e-01 -4.458373188972473145e-01 -1.272844910621643066e+00
-1.446938812732696533e-01 -4.451793134212493896e-01 -1.271628856658935547e+00
-1.383958160877227783e-01 -4.441196322441101074e-01 -1.269224166870117188e+00
-1.322863399982452393e-01 -4.435971081256866455e-01 -1.268314957618713379e+00
-1.264732182025909424e-01 -4.440659284591674805e-01 -1.270203948020935059e+00
-1.204610988497734070e-01 -4.438478052616119385e-01 -1.270093798637390137e+00
-1.143712177872657776e-01 -4.433056414127349854e-01 -1.269022345542907715e+00
-1.081935241818428040e-01 -4.423450231552124023e-01 -1.266719222068786621e+00
-1.020617336034774780e-01 -4.414715468883514404e-01 -1.264633417129516602e+00
-9.614622592926025391e-02 -4.414836168289184570e-01 -1.265053749084472656e+00
-9.042800217866897583e-02 -4.424626529216766357e-01 -1.268217206001281738e+00
-8.452317863702774048e-02 -4.426019787788391113e-01 -1.268947362899780273e+00
-7.833724468946456909e-02 -4.411792159080505371e-01 -1.265171408653259277e+00
-7.266166061162948608e-02 -4.426329135894775391e-01 -1.269618511199951172e+00
-6.701600551605224609e-02 -4.445437788963317871e-01 -1.275354146957397461e+00
-6.124394759535789490e-02 -4.459072649478912354e-01 -1.279496669769287109e+00
-5.533703416585922241e-02 -4.464776515960693359e-01 -1.281341075897216797e+00
-4.940833896398544312e-02 -4.469893276691436768e-01 -1.282994270324707031e+00
-4.348631575703620911e-02 -4.477109909057617188e-01 -1.285228133201599121e+00
-3.767680749297142029e-02 -4.500075280666351318e-01 -1.291961908340454102e+00
-3.170027583837509155e-02 -4.508045017719268799e-01 -1.294369578361511230e+00
-2.567670308053493500e-02 -4.511503875255584717e-01 -1.295461177825927734e+00
-1.968867145478725433e-02 -4.525263309478759766e-01 -1.299489736557006836e+00
-1.361808273941278458e-02 -4.523852467536926270e-01 -1.299141168594360352e+00
-7.540469057857990265e-03 -4.515968263149261475e-01 -1.296912908554077148e+00
-1.488174428232014179e-03 -4.520784318447113037e-01 -1.298311352729797363e+00
4.588055890053510666e-03 -4.536499679088592529e-01 -1.302819371223449707e+00
1.062539312988519669e-02 -4.517763257026672363e-01 -1.297412753105163574e+00
-1.958554536104202271e-01 -4.591620862483978271e-01 -1.285124182701110840e+00
-1.893955916166305542e-01 -4.582282900810241699e-01 -1.283558130264282227e+00
-1.827126741409301758e-01 -4.566751122474670410e-01 -1.280198693275451660e+00
-1.763043105602264404e-01 -4.557254314422607422e-01 -1.278474688529968262e+00
-1.700063496828079224e-01 -4.550040364265441895e-01 -1.277338504791259766e+00
-1.634975969791412354e-01 -4.536448121070861816e-01 -1.274360299110412598e+00
-1.570312082767486572e-01 -4.523040354251861572e-01 -1.271383523941040039e+00
-1.507433801889419556e-01 -4.513916671276092529e-01 -1.269563436508178711e+00
-1.442081481218338013e-01 -4.496327042579650879e-01 -1.265315890312194824e+00
-1.378946304321289062e-01 -4.484433829784393311e-01 -1.262626767158508301e+00
-1.322287470102310181e-01 -4.493480622768402100e-01 -1.265793681144714355e+00
-1.262507438659667969e-01 -4.492272436618804932e-01 -1.266035676002502441e+00
-1.207302659749984741e-01 -4.508028924465179443e-01 -1.271024465560913086e+00
-1.145150959491729736e-01 -4.498135149478912354e-01 -1.268746972084045410e+00
-1.079690381884574890e-01 -4.473447799682617188e-01 -1.262259483337402344e+00
-1.018672883510589600e-01 -4.465373158454895020e-01 -1.260423779487609863e+00
-9.621018916368484497e-02 -4.476996064186096191e-01 -1.264117360115051270e+00
-9.039399772882461548e-02 -4.482254683971405029e-01 -1.265985488891601562e+00
-8.443279564380645752e-02 -4.480556249618530273e-01 -1.265859723091125488e+00
-7.828013598918914795e-02 -4.467674791812896729e-01 -1.262545228004455566e+00
-7.284927368164062500e-02 -4.497248530387878418e-01 -1.271202206611633301e+00
-6.700060516595840454e-02 -4.503995478153228760e-01 -1.273382782936096191e+00
-6.117946654558181763e-02 -4.514091014862060547e-01 -1.276485085487365723e+00
-5.538976937532424927e-02 -4.528940916061401367e-01 -1.280907869338989258e+00
-4.948753863573074341e-02 -4.537075757980346680e-01 -1.283407926559448242e+00
-4.368895664811134338e-02 -4.558269977569580078e-01 -1.289579033851623535e+00
-3.769111633300781250e-02 -4.562132954597473145e-01 -1.290824174880981445e+00
-3.154237195849418640e-02 -4.545721709728240967e-01 -1.286309242248535156e+00
-2.555792778730392456e-02 -4.550834000110626221e-01 -1.287861466407775879e+00
-1.961013115942478180e-02 -4.567633271217346191e-01 -1.292698979377746582e+00
-1.360493432730436325e-02 -4.580070376396179199e-01 -1.296279907226562500e+00
-7.536580320447683334e-03 -4.574146866798400879e-01 -1.294642090797424316e+00
-1.486592576839029789e-03 -4.576518535614013672e-01 -1.295329809188842773e+00
4.555073101073503494e-03 -4.564264416694641113e-01 -1.291855931282043457e+00
-1.891165524721145630e-01 -4.636057317256927490e-01 -1.279124379158020020e+00
-1.824571937322616577e-01 -4.620691239833831787e-01 -1.275923013687133789e+00
-1.758570522069931030e-01 -4.605825245380401611e-01 -1.272800803184509277e+00
-1.691959947347640991e-01 -4.588254392147064209e-01 -1.268873929977416992e+00
-1.628698110580444336e-01 -4.578807651996612549e-01 -1.267140030860900879e+00
-1.568116247653961182e-01 -4.576463699340820312e-01 -1.267322421073913574e+00
-1.501767188310623169e-01 -4.556435048580169678e-01 -1.262558817863464355e+00
-1.441234797239303589e-01 -4.553130567073822021e-01 -1.262381792068481445e+00
-1.382399350404739380e-01 -4.555132687091827393e-01 -1.263634085655212402e+00
-1.321077495813369751e-01 -4.548754394054412842e-01 -1.262520432472229004e+00
-1.258188337087631226e-01 -4.536125361919403076e-01 -1.259630203247070312e+00
-1.198173835873603821e-01 -4.533124268054962158e-01 -1.259374141693115234e+00
-1.140054538846015930e-01 -4.537353813648223877e-01 -1.261090517044067383e+00
-1.079107671976089478e-01 -4.530176818370819092e-01 -1.259601473808288574e+00
-1.018368378281593323e-01 -4.523089528083801270e-01 -1.258101940155029297e+00
-9.601428359746932983e-02 -4.526981711387634277e-01 -1.259623527526855469e+00
-9.032592922449111938e-02 -4.538126587867736816e-01 -1.263132929801940918e+00
-8.430343866348266602e-02 -4.532870352268218994e-01 -1.262047052383422852e+00
-7.836721092462539673e-02 -4.531809389591217041e-01 -1.262099027633666992e+00
-7.258044183254241943e-02 -4.539923667907714844e-01 -1.264677882194519043e+00
-6.691101193428039551e-02 -4.557473063468933105e-01 -1.269858717918395996e+00
-6.106824055314064026e-02 -4.565488696098327637e-01 -1.272357344627380371e+00
-5.523957684636116028e-02 -4.576407372951507568e-01 -1.275639176368713379e+00
-4.954351484775543213e-02 -4.602293074131011963e-01 -1.283068418502807617e+00
-4.365001246333122253e-02 -4.614450633525848389e-01 -1.286646366119384766e+00
-3.764908760786056519e-02 -4.617327451705932617e-01 -1.287611722946166992e+00
-3.156201541423797607e-02 -4.608721435070037842e-01 -1.285349845886230469e+00
-2.554275095462799072e-02 -4.608295261859893799e-01 -1.285344362258911133e+00
-1.957780309021472931e-02 -4.620425403118133545e-01 -1.288817048072814941e+00
-1.357638929039239883e-02 -4.630919694900512695e-01 -1.291809797286987305e+00
-7.550913374871015549e-03 -4.643468558788299561e-01 -1.295352220535278320e+00
-1.486085355281829834e-03 -4.635474979877471924e-01 -1.293140053749084473e+00
-1.724455356597900391e-01 -4.575439393520355225e-01 -1.245574474334716797e+00
-1.622667610645294189e-01 -4.621411263942718506e-01 -1.259977221488952637e+00
-1.564889699220657349e-01 -4.626671969890594482e-01 -1.262283444404602051e+00
-1.500801891088485718e-01 -4.612954854965209961e-01 -1.259364247322082520e+00
-1.440209597349166870e-01 -4.609292447566986084e-01 -1.259142041206359863e+00
-1.382628679275512695e-01 -4.615367650985717773e-01 -1.261537075042724609e+00
-1.323831230401992798e-01 -4.617745876312255859e-01 -1.262880921363830566e+00
-1.261369436979293823e-01 -4.606965482234954834e-01 -1.260584235191345215e+00
-1.194259375333786011e-01 -4.577303230762481689e-01 -1.253076314926147461e+00
-1.140457093715667725e-01 -4.598214328289031982e-01 -1.259374499320983887e+00
-1.078792437911033630e-01 -4.587980210781097412e-01 -1.257107377052307129e+00
-1.018620505928993225e-01 -4.583275020122528076e-01 -1.256318092346191406e+00
-9.593600034713745117e-02 -4.582343995571136475e-01 -1.256528615951538086e+00
-9.012283384799957275e-02 -4.587037265300750732e-01 -1.258248329162597656e+00
-8.416032791137695312e-02 -4.584254324436187744e-01 -1.257885456085205078e+00
-7.823843508958816528e-02 -4.583430290222167969e-01 -1.258028388023376465e+00
-7.241301238536834717e-02 -4.588585197925567627e-01 -1.259782433509826660e+00
-6.673997640609741211e-02 -4.605170786380767822e-01 -1.264646530151367188e+00
-6.095768511295318604e-02 -4.616720378398895264e-01 -1.268100500106811523e+00
-5.503499507904052734e-02 -4.618984460830688477e-01 -1.268976449966430664e+00
-4.923413693904876709e-02 -4.633263051509857178e-01 -1.273126125335693359e+00
-4.350297152996063232e-02 -4.658946692943572998e-01 -1.280384302139282227e+00
-3.755261749029159546e-02 -4.665623009204864502e-01 -1.282392978668212891e+00
-3.153444454073905945e-02 -4.664811789989471436e-01 -1.282317519187927246e+00
-2.553327009081840515e-02 -4.666725695133209229e-01 -1.282964944839477539e+00
-1.951808854937553406e-02 -4.666470289230346680e-01 -1.282989978790283203e+00
-1.355422753840684891e-02 -4.683719873428344727e-01 -1.287802696228027344e+00
-7.591156288981437683e-03 -4.729161858558654785e-01 -1.300341844558715820e+00
-1.617933064699172974e-01 -4.667310416698455811e-01 -1.253681898117065430e+00
-1.557983905076980591e-01 -4.665616154670715332e-01 -1.254137277603149414e+00
-1.485397815704345703e-01 -4.624445438385009766e-01 -1.243925571441650391e+00
-1.431656777858734131e-01 -4.640968143939971924e-01 -1.249182343482971191e+00
-1.381529718637466431e-01 -4.671131670475006104e-01 -1.258074164390563965e+00
-1.324570477008819580e-01 -4.679868221282958984e-01 -1.261158108711242676e+00
-1.261467188596725464e-01 -4.666697680950164795e-01 -1.258295655250549316e+00
-1.191748306155204773e-01 -4.626543521881103516e-01 -1.248109459877014160e+00
-1.131473705172538757e-01 -4.620785713195800781e-01 -1.247156858444213867e+00
-1.083232462406158447e-01 -4.666232168674468994e-01 -1.259991526603698730e+00
-1.019374057650566101e-01 -4.645774960517883301e-01 -1.254996657371520996e+00
-9.609345346689224243e-02 -4.649015665054321289e-01 -1.256365776062011719e+00
-8.993981778621673584e-02 -4.636716246604919434e-01 -1.253499507904052734e+00
-8.394450694322586060e-02 -4.631424844264984131e-01 -1.252492547035217285e+00
-7.821305096149444580e-02 -4.640991985797882080e-01 -1.255471229553222656e+00
-7.240782678127288818e-02 -4.647385776042938232e-01 -1.257560849189758301e+00
-6.657472997903823853e-02 -4.652969241142272949e-01 -1.259400844573974609e+00
-6.071537360548973083e-02 -4.657628834247589111e-01 -1.260960817337036133e+00
-5.482088774442672729e-02 -4.660309255123138428e-01 -1.261955618858337402e+00
-4.921769350767135620e-02 -4.691405594348907471e-01 -1.270617485046386719e+00
-4.339239373803138733e-02 -4.706993103027343750e-01 -1.275052309036254883e+00
-3.748216480016708374e-02 -4.716883599758148193e-01 -1.277916550636291504e+00
-3.138447180390357971e-02 -4.702457785606384277e-01 -1.274164438247680664e+00
-2.541635930538177490e-02 -4.705223739147186279e-01 -1.275042533874511719e+00
-1.944275014102458954e-02 -4.708363115787506104e-01 -1.275994658470153809e+00
-1.406694799661636353e-01 -4.618068039417266846e-01 -1.224808216094970703e+00
-1.254152208566665649e-01 -4.698667526245117188e-01 -1.248468995094299316e+00
-1.189673840999603271e-01 -4.677252173423767090e-01 -1.243451595306396484e+00
-1.130272820591926575e-01 -4.674609899520874023e-01 -1.243381142616271973e+00
-1.106204017996788025e-01 -4.825815260410308838e-01 -1.284211397171020508e+00
-1.038008183240890503e-01 -4.790889322757720947e-01 -1.275485515594482422e+00
-9.643600881099700928e-02 -4.724949896335601807e-01 -1.258453130722045898e+00
-8.932430297136306763e-02 -4.663574695587158203e-01 -1.242586374282836914e+00
-8.364725857973098755e-02 -4.673743247985839844e-01 -1.245741724967956543e+00
-7.823327183723449707e-02 -4.701254963874816895e-01 -1.253488779067993164e+00
-7.247623801231384277e-02 -4.710962474346160889e-01 -1.256458401679992676e+00
-6.660642474889755249e-02 -4.714414179325103760e-01 -1.257727622985839844e+00
-6.062535196542739868e-02 -4.709894955158233643e-01 -1.256838202476501465e+00
-5.469042062759399414e-02 -4.708371460437774658e-01 -1.256716132164001465e+00
-4.890460893511772156e-02 -4.720873236656188965e-01 -1.260307312011718750e+00
-4.306043684482574463e-02 -4.730414152145385742e-01 -1.263078808784484863e+00
-3.726873174309730530e-02 -4.749697148799896240e-01 -1.268422722816467285e+00
-8.885139226913452148e-02 -4.697163999080657959e-01 -1.233526468276977539e+00
-8.190219849348068237e-02 -4.633732140064239502e-01 -1.217328786849975586e+00
