-1.817024201154708862e-01 -3.061846196651458740e-01 -1.386674880981445312e+00
-1.767851114273071289e-01 -3.088323473930358887e-01 -1.398408412933349609e+00
-1.709452569484710693e-01 -3.100087940692901611e-01 -1.403466105461120605e+00
-1.648611426353454590e-01 -3.108179569244384766e-01 -1.406850576400756836e+00
-1.593392193317413330e-01 -3.127975165843963623e-01 -1.415523648262023926e+00
-1.537916213274002075e-01 -3.148948252201080322e-01 -1.424720883369445801e+00
-1.447192430496215820e-01 -3.096390962600708008e-01 -1.400650262832641602e+00
-1.396188139915466309e-01 -3.127869367599487305e-01 -1.414594054222106934e+00
-1.329570412635803223e-01 -3.125751316547393799e-01 -1.413341999053955078e+00
-1.254934519529342651e-01 -3.103582859039306641e-01 -1.403028726577758789e+00
-1.883942037820816040e-01 -3.130476772785186768e-01 -1.389183521270751953e+00
-1.835109740495681763e-01 -3.157291710376739502e-01 -1.400874853134155273e+00
-1.782604008913040161e-01 -3.179523050785064697e-01 -1.410515308380126953e+00
-1.718559712171554565e-01 -3.182083964347839355e-01 -1.411415815353393555e+00
-1.652974188327789307e-01 -3.181880712509155273e-01 -1.411080598831176758e+00
-1.607618033885955811e-01 -3.222207725048065186e-01 -1.428708434104919434e+00
-1.541017591953277588e-01 -3.221590816974639893e-01 -1.428173184394836426e+00
-1.474234312772750854e-01 -3.220520317554473877e-01 -1.427432775497436523e+00
-1.405794620513916016e-01 -3.215559422969818115e-01 -1.424966692924499512e+00
-1.340448260307312012e-01 -3.217533528804779053e-01 -1.425573706626892090e+00
-1.273512095212936401e-01 -3.215698897838592529e-01 -1.424494624137878418e+00
-1.200168207287788391e-01 -3.196596205234527588e-01 -1.415770769119262695e+00
-1.128633692860603333e-01 -3.180376589298248291e-01 -1.408331274986267090e+00
-1.052840650081634521e-01 -3.149421811103820801e-01 -1.394376754760742188e+00
-9.780187159776687622e-02 -3.117501437664031982e-01 -1.380006909370422363e+00
-1.932330578565597534e-01 -3.168609738349914551e-01 -1.378205180168151855e+00
-1.890278011560440063e-01 -3.205639421939849854e-01 -1.394158601760864258e+00
-1.839538365602493286e-01 -3.230037391185760498e-01 -1.404598593711853027e+00
-1.786062866449356079e-01 -3.251246809959411621e-01 -1.413634181022644043e+00
-1.727664470672607422e-01 -3.264769017696380615e-01 -1.419312953948974609e+00
-1.675154566764831543e-01 -3.290931284427642822e-01 -1.430473089218139648e+00
-1.614203453063964844e-01 -3.301984369754791260e-01 -1.435054421424865723e+00
-1.548023223876953125e-01 -3.302831053733825684e-01 -1.435192108154296875e+00
-1.478305608034133911e-01 -3.295868039131164551e-01 -1.431931495666503906e+00
-1.411495059728622437e-01 -3.295035660266876221e-01 -1.431331753730773926e+00
-1.344370692968368530e-01 -3.293352127075195312e-01 -1.430360913276672363e+00
-1.277386397123336792e-01 -3.291854560375213623e-01 -1.429471373558044434e+00
-1.206546053290367126e-01 -3.279711604118347168e-01 -1.423961639404296875e+00
-1.135598868131637573e-01 -3.265852630138397217e-01 -1.417712330818176270e+00
-1.060075610876083374e-01 -3.236317038536071777e-01 -1.404665589332580566e+00
-9.889331459999084473e-02 -3.217158913612365723e-01 -1.396132469177246094e+00
-9.112804383039474487e-02 -3.172644674777984619e-01 -1.376607298851013184e+00
-1.920901387929916382e-01 -3.110535442829132080e-01 -1.326490163803100586e+00
-1.887891441583633423e-01 -3.158157765865325928e-01 -1.346707940101623535e+00
-1.833034008741378784e-01 -3.283512890338897705e-01 -1.399915099143981934e+00
-1.776170134544372559e-01 -3.298429846763610840e-01 -1.406125545501708984e+00
-1.732995361089706421e-01 -3.340873122215270996e-01 -1.424054026603698730e+00
-1.673713326454162598e-01 -3.354397416114807129e-01 -1.429640769958496094e+00
-1.615073829889297485e-01 -3.370377719402313232e-01 -1.436262488365173340e+00
-1.549318879842758179e-01 -3.372245728969573975e-01 -1.436861157417297363e+00
-1.480504721403121948e-01 -3.367323875427246094e-01 -1.434560656547546387e+00
-1.411688029766082764e-01 -3.361932337284088135e-01 -1.432056069374084473e+00
-1.344459354877471924e-01 -3.359977006912231445e-01 -1.431012988090515137e+00
-1.275220811367034912e-01 -3.352534472942352295e-01 -1.427632451057434082e+00
-1.205999106168746948e-01 -3.344323039054870605e-01 -1.423925757408142090e+00
-1.136565580964088440e-01 -3.334537446498870850e-01 -1.419552326202392578e+00
-1.066243499517440796e-01 -3.320780396461486816e-01 -1.413492798805236816e+00
-9.851928800344467163e-02 -3.269612789154052734e-01 -1.391518473625183105e+00
-9.090327471494674683e-02 -3.228631317615509033e-01 -1.373890638351440430e+00
-8.345405757427215576e-02 -3.187833130359649658e-01 -1.356352686882019043e+00
-1.974591761827468872e-01 -3.159552812576293945e-01 -1.321405172348022461e+00
-1.918155103921890259e-01 -3.167478144168853760e-01 -1.324691176414489746e+00
-1.852152198553085327e-01 -3.159608542919158936e-01 -1.321349024772644043e+00
-1.791423857212066650e-01 -3.160506188869476318e-01 -1.321653366088867188e+00
-1.733407974243164062e-01 -3.166422247886657715e-01 -1.324038147926330566e+00
-1.688913404941558838e-01 -3.198378682136535645e-01 -1.337294101715087891e+00
-1.635401993989944458e-01 -3.215044140815734863e-01 -1.344140768051147461e+00
-1.177218779921531677e-01 -3.329033851623535156e-01 -1.390480399131774902e+00
-9.572769701480865479e-02 -3.239757418632507324e-01 -1.352679133415222168e+00
-8.833798766136169434e-02 -3.199530243873596191e-01 -1.335722327232360840e+00
-8.248280733823776245e-02 -3.213004767894744873e-01 -1.341191649436950684e+00
-7.491522282361984253e-02 -3.156527876853942871e-01 -1.317470312118530273e+00
-1.988280564546585083e-01 -3.243116736412048340e-01 -1.330560445785522461e+00
-1.916693747043609619e-01 -3.226407766342163086e-01 -1.323716163635253906e+00
-1.849170923233032227e-01 -3.215661346912384033e-01 -1.319294810295104980e+00
-1.785334199666976929e-01 -3.210808932781219482e-01 -1.317270636558532715e+00
-1.729578226804733276e-01 -3.220659792423248291e-01 -1.321259379386901855e+00
-1.662035733461380005e-01 -3.208481073379516602e-01 -1.316193461418151855e+00
-1.604608446359634399e-01 -3.215644955635070801e-01 -1.319047451019287109e+00
-1.537410169839859009e-01 -3.203019499778747559e-01 -1.313770413398742676e+00
-1.478284597396850586e-01 -3.206865191459655762e-01 -1.315238356590270996e+00
-1.419423371553421021e-01 -3.211639821529388428e-01 -1.317076921463012695e+00
-1.361008137464523315e-01 -3.217898011207580566e-01 -1.319515585899353027e+00
-1.303796470165252686e-01 -3.227724432945251465e-01 -1.323410272598266602e+00
-1.245015412569046021e-01 -3.234445154666900635e-01 -1.326025962829589844e+00
-1.182163208723068237e-01 -3.230738043785095215e-01 -1.324363112449645996e+00
-1.115787774324417114e-01 -3.216468393802642822e-01 -1.318369150161743164e+00
-1.058124378323554993e-01 -3.227113783359527588e-01 -1.322587132453918457e+00
-9.977684915065765381e-02 -3.230352997779846191e-01 -1.323769927024841309e+00
-9.379760175943374634e-02 -3.235960900783538818e-01 -1.325924992561340332e+00
-8.791625499725341797e-02 -3.245970308780670166e-01 -1.329886198043823242e+00
-8.186554163694381714e-02 -3.250766098499298096e-01 -1.331715106964111328e+00
-7.527472078800201416e-02 -3.233146369457244873e-01 -1.324367165565490723e+00
-2.012792229652404785e-01 -3.244888782501220703e-01 -1.306300640106201172e+00
-1.985874027013778687e-01 -3.300777375698089600e-01 -1.328877806663513184e+00
-1.921131610870361328e-01 -3.295363187789916992e-01 -1.326749205589294434e+00
-1.845741122961044312e-01 -3.270722031593322754e-01 -1.316854953765869141e+00
-1.783424764871597290e-01 -3.268355727195739746e-01 -1.315906405448913574e+00
-1.720651835203170776e-01 -3.264955580234527588e-01 -1.314521551132202148e+00
-1.662395894527435303e-01 -3.270191550254821777e-01 -1.316595554351806641e+00
-1.587444245815277100e-01 -3.241732120513916016e-01 -1.305087685585021973e+00
-1.531929969787597656e-01 -3.252283632755279541e-01 -1.309271097183227539e+00
-1.473259627819061279e-01 -3.256728351116180420e-01 -1.310983419418334961e+00
-1.415385752916336060e-01 -3.263392448425292969e-01 -1.313577651977539062e+00
-1.357837319374084473e-01 -3.271439373493194580e-01 -1.316719055175781250e+00
-1.297067552804946899e-01 -3.272117674350738525e-01 -1.316886782646179199e+00
-1.235643401741981506e-01 -3.271130323410034180e-01 -1.316378116607666016e+00
-1.173548400402069092e-01 -3.268172442913055420e-01 -1.315071821212768555e+00
-1.110960990190505981e-01 -3.263443708419799805e-01 -1.313050270080566406e+00
-1.052306070923805237e-01 -3.270387947559356689e-01 -1.315723419189453125e+00
-9.944511204957962036e-02 -3.280826508998870850e-01 -1.319801449775695801e+00
-9.337148070335388184e-02 -3.282504975795745850e-01 -1.320355772972106934e+00
-8.724866807460784912e-02 -3.282568156719207764e-01 -1.320262193679809570e+00
-8.142372220754623413e-02 -3.294694423675537109e-01 -1.325023055076599121e+00
-7.511532306671142578e-02 -3.287640810012817383e-01 -1.322074413299560547e+00
-6.809870898723602295e-02 -3.245579898357391357e-01 -1.305054783821105957e+00
-2.021723389625549316e-01 -3.320098519325256348e-01 -1.311915159225463867e+00
-1.982354372739791870e-01 -3.356404304504394531e-01 -1.326380610466003418e+00
-1.912672668695449829e-01 -3.342067599296569824e-01 -1.320806384086608887e+00
-1.846623271703720093e-01 -3.333339691162109375e-01 -1.317422747611999512e+00
-1.779563724994659424e-01 -3.322129249572753906e-01 -1.313034296035766602e+00
-1.713549196720123291e-01 -3.312144577503204346e-01 -1.309108853340148926e+00
-1.647245287895202637e-01 -3.300847411155700684e-01 -1.304645538330078125e+00
-1.588819622993469238e-01 -3.305077552795410156e-01 -1.306301951408386230e+00
-1.527446061372756958e-01 -3.303267657756805420e-01 -1.305555701255798340e+00
-1.467920392751693726e-01 -3.305469453334808350e-01 -1.306381106376647949e+00
-1.408670544624328613e-01 -3.308508992195129395e-01 -1.307525634765625000e+00
-1.350129395723342896e-01 -3.313560783863067627e-01 -1.309454917907714844e+00
-1.290874183177947998e-01 -3.317253291606903076e-01 -1.310838103294372559e+00
-1.229802966117858887e-01 -3.316413164138793945e-01 -1.310422778129577637e+00
-1.169801950454711914e-01 -3.318521976470947266e-01 -1.311166882514953613e+00
-1.106362640857696533e-01 -3.310573399066925049e-01 -1.307933092117309570e+00
-1.047756746411323547e-01 -3.317004740238189697e-01 -1.310377597808837891e+00
-9.899139404296875000e-02 -3.326792418956756592e-01 -1.314145684242248535e+00
-9.302725642919540405e-02 -3.331422507762908936e-01 -1.315875768661499023e+00
-8.701664209365844727e-02 -3.334922194480895996e-01 -1.317159533500671387e+00
-8.103102445602416992e-02 -3.339980244636535645e-01 -1.319060444831848145e+00
-7.480803877115249634e-02 -3.335281908512115479e-01 -1.317110896110534668e+00
-6.836882978677749634e-02 -3.319249749183654785e-01 -1.310690045356750488e+00
-2.082864642143249512e-01 -3.381445109844207764e-01 -1.311677217483520508e+00
-2.034586369991302490e-01 -3.402420878410339355e-01 -1.320005536079406738e+00
-1.973309218883514404e-01 -3.402285873889923096e-01 -1.320114016532897949e+00
-1.908905506134033203e-01 -3.396578729152679443e-01 -1.318031668663024902e+00
-1.840077638626098633e-01 -3.382361829280853271e-01 -1.312619805335998535e+00
-1.772875487804412842e-01 -3.370263874530792236e-01 -1.308005094528198242e+00
-1.710187345743179321e-01 -3.366193473339080811e-01 -1.306483387947082520e+00
-1.647668629884719849e-01 -3.362170159816741943e-01 -1.304959535598754883e+00
-1.583688408136367798e-01 -3.354744613170623779e-01 -1.302096605300903320e+00
-1.523155122995376587e-01 -3.354321718215942383e-01 -1.301935076713562012e+00
-1.463176012039184570e-01 -3.355134427547454834e-01 -1.302238225936889648e+00
-1.401257067918777466e-01 -3.351377844810485840e-01 -1.300754904747009277e+00
-1.341551095247268677e-01 -3.352814018726348877e-01 -1.301275491714477539e+00
-1.284597367048263550e-01 -3.361587524414062500e-01 -1.304633736610412598e+00
-1.224927306175231934e-01 -3.363768458366394043e-01 -1.305424809455871582e+00
-1.163471788167953491e-01 -3.361018300056457520e-01 -1.304295301437377930e+00
-1.108176112174987793e-01 -3.376736342906951904e-01 -1.310326933860778809e+00
-1.045620813965797424e-01 -3.370873928070068359e-01 -1.307979702949523926e+00
-9.868976473808288574e-02 -3.377403914928436279e-01 -1.310438156127929688e+00
-9.301529079675674438e-02 -3.392005562782287598e-01 -1.316026210784912109e+00
-8.702988922595977783e-02 -3.396522104740142822e-01 -1.317700147628784180e+00
-8.098876476287841797e-02 -3.399382531642913818e-01 -1.318732023239135742e+00
-7.497684657573699951e-02 -3.404035568237304688e-01 -1.320460677146911621e+00
-6.853628903627395630e-02 -3.388325273990631104e-01 -1.314292669296264648e+00
-2.125841677188873291e-01 -3.413612544536590576e-01 -1.300121307373046875e+00
-2.086769044399261475e-01 -3.448719382286071777e-01 -1.313760757446289062e+00
-2.031801640987396240e-01 -3.458879292011260986e-01 -1.317866086959838867e+00
-1.969071328639984131e-01 -3.456044197082519531e-01 -1.316988825798034668e+00
-1.900438517332077026e-01 -3.442336022853851318e-01 -1.311937451362609863e+00
-1.834824383258819580e-01 -3.433370292186737061e-01 -1.308665037155151367e+00
-1.771532297134399414e-01 -3.428284823894500732e-01 -1.306845545768737793e+00
-1.705768108367919922e-01 -3.417885601520538330e-01 -1.302976727485656738e+00
-1.639667451381683350e-01 -3.406024575233459473e-01 -1.298528432846069336e+00
-1.577253639698028564e-01 -3.401209712028503418e-01 -1.296746850013732910e+00
-1.518244743347167969e-01 -3.403646647930145264e-01 -1.297712206840515137e+00
-1.459347009658813477e-01 -3.406544923782348633e-01 -1.298837542533874512e+00
-1.400467753410339355e-01 -3.409736454486846924e-01 -1.300060629844665527e+00
-1.335757821798324585e-01 -3.398381471633911133e-01 -1.295724391937255859e+00
-1.280197352170944214e-01 -3.410330414772033691e-01 -1.300262689590454102e+00
-1.221167594194412231e-01 -3.413761854171752930e-01 -1.301543474197387695e+00
-1.161326020956039429e-01 -3.415161967277526855e-01 -1.302041888236999512e+00
-1.102045923471450806e-01 -3.418458104133605957e-01 -1.303256034851074219e+00
-1.045061796903610229e-01 -3.429670631885528564e-01 -1.307482600212097168e+00
-9.873734414577484131e-02 -3.439810276031494141e-01 -1.311295628547668457e+00
-9.297060221433639526e-02 -3.451358079910278320e-01 -1.315641999244689941e+00
-8.704681694507598877e-02 -3.458287715911865234e-01 -1.318225622177124023e+00
-8.115115016698837280e-02 -3.467465341091156006e-01 -1.321665048599243164e+00
-7.507131248712539673e-02 -3.469629585742950439e-01 -1.322431087493896484e+00
-6.889478117227554321e-02 -3.467312455177307129e-01 -1.321490287780761719e+00
-6.153687834739685059e-02 -3.399284482002258301e-01 -1.295508265495300293e+00
-2.162382751703262329e-01 -3.436149358749389648e-01 -1.285148382186889648e+00
-2.135051935911178589e-01 -3.488978445529937744e-01 -1.305256128311157227e+00
-2.085425555706024170e-01 -3.507395684719085693e-01 -1.312459468841552734e+00
-2.026868611574172974e-01 -3.511448204517364502e-01 -1.314254403114318848e+00
-1.960870027542114258e-01 -3.502459824085235596e-01 -1.311135053634643555e+00
-1.897295415401458740e-01 -3.497364819049835205e-01 -1.309441447257995605e+00
-1.831303387880325317e-01 -3.487329483032226562e-01 -1.305868625640869141e+00
-1.767646670341491699e-01 -3.481206893920898438e-01 -1.303733468055725098e+00
-1.704415082931518555e-01 -3.475517630577087402e-01 -1.301735758781433105e+00
-1.638208329677581787e-01 -3.463121354579925537e-01 -1.297202587127685547e+00
-1.575394123792648315e-01 -3.457225263118743896e-01 -1.295083045959472656e+00
-1.514198482036590576e-01 -3.454554975032806396e-01 -1.294152855873107910e+00
-1.460453271865844727e-01 -3.469362854957580566e-01 -1.299753546714782715e+00
-1.396567970514297485e-01 -3.460321128368377686e-01 -1.296403765678405762e+00
-1.331030577421188354e-01 -3.446187973022460938e-01 -1.291132450103759766e+00
-1.270921230316162109e-01 -3.445440232753753662e-01 -1.290863752365112305e+00
-1.219247728586196899e-01 -3.468617796897888184e-01 -1.299548029899597168e+00
-1.158815175294876099e-01 -3.467990756034851074e-01 -1.299304127693176270e+00
-1.100087612867355347e-01 -3.472676575183868408e-01 -1.301042914390563965e+00
-1.043023541569709778e-01 -3.483462333679199219e-01 -1.305059909820556641e+00
-9.857457876205444336e-02 -3.494817614555358887e-01 -1.309284925460815430e+00
-9.288529306650161743e-02 -3.509117066860198975e-01 -1.314608097076416016e+00
-8.684329688549041748e-02 -3.511163294315338135e-01 -1.315337419509887695e+00
-8.087477833032608032e-02 -3.516714274883270264e-01 -1.317377209663391113e+00
-7.510390877723693848e-02 -3.532467484474182129e-01 -1.323237657546997070e+00
-6.894490867853164673e-02 -3.531143665313720703e-01 -1.322700500488281250e+00
-6.204902008175849915e-02 -3.488136827945709229e-01 -1.306550860404968262e+00
-5.598511919379234314e-02 -3.487656414508819580e-01 -1.306331992149353027e+00
-2.189681679010391235e-01 -3.539941310882568359e-01 -1.300745725631713867e+00
-2.147408574819564819e-01 -3.570098280906677246e-01 -1.312224984169006348e+00
-2.085427939891815186e-01 -3.568295836448669434e-01 -1.311921358108520508e+00
-2.021779417991638184e-01 -3.563444614410400391e-01 -1.310460090637207031e+00
-1.957569122314453125e-01 -3.557271957397460938e-01 -1.308477759361267090e+00
-1.893321126699447632e-01 -3.550633490085601807e-01 -1.306290864944458008e+00
-1.830979138612747192e-01 -3.547248840332031250e-01 -1.305270791053771973e+00
-1.764507442712783813e-01 -3.535358309745788574e-01 -1.301092028617858887e+00
-1.700754761695861816e-01 -3.528266549110412598e-01 -1.298652768135070801e+00
-1.640630066394805908e-01 -3.528456687927246094e-01 -1.298869609832763672e+00
-1.573934555053710938e-01 -3.513991832733154297e-01 -1.293669223785400391e+00
-1.512618064880371094e-01 -3.510865569114685059e-01 -1.292622447013854980e+00
-1.452321559190750122e-01 -3.509945869445800781e-01 -1.292370080947875977e+00
-1.393214017152786255e-01 -3.511945009231567383e-01 -1.293175339698791504e+00
-1.330636739730834961e-01 -3.504984080791473389e-01 -1.290666341781616211e+00
-1.267287731170654297e-01 -3.495239615440368652e-01 -1.287118434906005859e+00
-1.215183362364768982e-01 -3.517077565193176270e-01 -1.295188903808593750e+00
-1.156933829188346863e-01 -3.522474765777587891e-01 -1.297194600105285645e+00
-1.099141240119934082e-01 -3.529930710792541504e-01 -1.299949169158935547e+00
-1.043417528271675110e-01 -3.545281887054443359e-01 -1.305603027343750000e+00
-9.839689731597900391e-02 -3.549087047576904297e-01 -1.306998014450073242e+00
-9.246592968702316284e-02 -3.553925156593322754e-01 -1.308767914772033691e+00
-8.649947494268417358e-02 -3.557982742786407471e-01 -1.310245752334594727e+00
-8.054212480783462524e-02 -3.563055992126464844e-01 -1.312093853950500488e+00
-7.498419284820556641e-02 -3.588070571422576904e-01 -1.321282625198364258e+00
-6.905293464660644531e-02 -3.598081171512603760e-01 -1.324944257736206055e+00
-6.278730928897857666e-02 -3.590923249721527100e-01 -1.322283029556274414e+00
-5.597213283181190491e-02 -3.547386527061462402e-01 -1.306226611137390137e+00
-2.209799140691757202e-01 -3.633431792259216309e-01 -1.311974644660949707e+00
-2.146754860877990723e-01 -3.629919886589050293e-01 -1.311151981353759766e+00
-2.091820091009140015e-01 -3.640315830707550049e-01 -1.315313696861267090e+00
-2.020552903413772583e-01 -3.622059524059295654e-01 -1.309084415435791016e+00
-1.953315734863281250e-01 -3.610119223594665527e-01 -1.305099248886108398e+00
-1.889281719923019409e-01 -3.603524267673492432e-01 -1.303012013435363770e+00
-1.823943704366683960e-01 -3.593923151493072510e-01 -1.299805641174316406e+00
-1.762526631355285645e-01 -3.591655790805816650e-01 -1.299221634864807129e+00
-1.700972467660903931e-01 -3.588939309120178223e-01 -1.298447966575622559e+00
-1.634144783020019531e-01 -3.574487864971160889e-01 -1.293402791023254395e+00
-1.571176648139953613e-01 -3.567698895931243896e-01 -1.291106343269348145e+00
-1.509945541620254517e-01 -3.564472794532775879e-01 -1.290077447891235352e+00
-1.451666355133056641e-01 -3.568236529827117920e-01 -1.291558742523193359e+00
-1.394463628530502319e-01 -3.575083613395690918e-01 -1.294138669967651367e+00
-1.328560560941696167e-01 -3.559238314628601074e-01 -1.288487553596496582e+00
-1.274226158857345581e-01 -3.574351966381072998e-01 -1.294029355049133301e+00
-1.212687641382217407e-01 -3.569753170013427734e-01 -1.292421221733093262e+00
-1.155913174152374268e-01 -3.579428791999816895e-01 -1.295969247817993164e+00
-1.101761758327484131e-01 -3.598732054233551025e-01 -1.302992939949035645e+00
-1.042962521314620972e-01 -3.604212403297424316e-01 -1.305002570152282715e+00
-9.816565364599227905e-02 -3.601172268390655518e-01 -1.303918957710266113e+00
-9.196193516254425049e-02 -3.594875037670135498e-01 -1.301648616790771484e+00
-8.644234389066696167e-02 -3.616313040256500244e-01 -1.309415340423583984e+00
-8.076755702495574951e-02 -3.634005784988403320e-01 -1.315820932388305664e+00
-7.493437826633453369e-02 -3.646880090236663818e-01 -1.320477724075317383e+00
-6.894073635339736938e-02 -3.653539419174194336e-01 -1.322881221771240234e+00
-6.272644549608230591e-02 -3.648664951324462891e-01 -1.321106195449829102e+00
-5.628673359751701355e-02 -3.628205060958862305e-01 -1.313686609268188477e+00
-2.226150035858154297e-01 -3.621810972690582275e-01 -1.284871339797973633e+00
-2.195123285055160522e-01 -3.669863641262054443e-01 -1.302452683448791504e+00
-2.155677974224090576e-01 -3.706169724464416504e-01 -1.315833449363708496e+00
-2.087348997592926025e-01 -3.693487346172332764e-01 -1.311783432960510254e+00
-2.022639065980911255e-01 -3.686638772487640381e-01 -1.309763908386230469e+00
-1.954225450754165649e-01 -3.672404885292053223e-01 -1.305081844329833984e+00
-1.884468346834182739e-01 -3.654654622077941895e-01 -1.299112558364868164e+00
-1.819853484630584717e-01 -3.646033108234405518e-01 -1.296353816986083984e+00
-1.759262979030609131e-01 -3.645160496234893799e-01 -1.296319365501403809e+00
-1.697352826595306396e-01 -3.641394972801208496e-01 -1.295227527618408203e+00
-1.629676669836044312e-01 -3.624528348445892334e-01 -1.289448499679565430e+00
-1.569047868251800537e-01 -3.622648417949676514e-01 -1.288975477218627930e+00
-1.509482562541961670e-01 -3.623171448707580566e-01 -1.289335131645202637e+00
-1.451906710863113403e-01 -3.628710210323333740e-01 -1.291458964347839355e+00
-1.393777430057525635e-01 -3.633283078670501709e-01 -1.293220281600952148e+00
-1.334673613309860229e-01 -3.635612428188323975e-01 -1.294165611267089844e+00
-1.269608885049819946e-01 -3.621159195899963379e-01 -1.289120435714721680e+00
-1.212642937898635864e-01 -3.629518151283264160e-01 -1.292181730270385742e+00
-1.153875738382339478e-01 -3.633074760437011719e-01 -1.293520092964172363e+00
-1.096630245447158813e-01 -3.642074763774871826e-01 -1.296784877777099609e+00
-1.038222983479499817e-01 -3.648036420345306396e-01 -1.298957586288452148e+00
-9.763464331626892090e-02 -3.641791343688964844e-01 -1.296774148941040039e+00
-9.219586849212646484e-02 -3.664493262767791748e-01 -1.304890036582946777e+00
-8.637971431016921997e-02 -3.674329221248626709e-01 -1.308417558670043945e+00
-8.078838139772415161e-02 -3.695935606956481934e-01 -1.316130399703979492e+00
-7.488086074590682983e-02 -3.705424666404724121e-01 -1.319522976875305176e+00
-6.874011456966400146e-02 -3.704034090042114258e-01 -1.319036722183227539e+00
-6.267178058624267578e-02 -3.706655204296112061e-01 -1.319975495338439941e+00
-5.637830868363380432e-02 -3.695086538791656494e-01 -1.315858364105224609e+00
-2.303239107131958008e-01 -3.709474205970764160e-01 -1.293030381202697754e+00
-2.254212498664855957e-01 -3.727989196777343750e-01 -1.300114631652832031e+00
-2.207568436861038208e-01 -3.751575648784637451e-01 -1.308927297592163086e+00
-2.145791798830032349e-01 -3.750053942203521729e-01 -1.308938384056091309e+00
-2.084388136863708496e-01 -3.749114274978637695e-01 -1.309109807014465332e+00
-2.018685042858123779e-01 -3.740151822566986084e-01 -1.306438565254211426e+00
-1.950701922178268433e-01 -3.726278543472290039e-01 -1.302011370658874512e+00
-1.880724281072616577e-01 -3.707585930824279785e-01 -1.295861005783081055e+00
-1.816628873348236084e-01 -3.699635267257690430e-01 -1.293429374694824219e+00
-1.754331141710281372e-01 -3.694927692413330078e-01 -1.292098999023437500e+00
-1.688064187765121460e-01 -3.681231737136840820e-01 -1.287594556808471680e+00
-1.628281027078628540e-01 -3.681187927722930908e-01 -1.287837028503417969e+00
-1.568065434694290161e-01 -3.680125772953033447e-01 -1.287697792053222656e+00
-1.509004235267639160e-01 -3.681796789169311523e-01 -1.288491010665893555e+00
-1.449571400880813599e-01 -3.682661056518554688e-01 -1.288980007171630859e+00
-1.393013447523117065e-01 -3.691217601299285889e-01 -1.292141318321228027e+00
-1.330288499593734741e-01 -3.683467507362365723e-01 -1.289575695991516113e+00
-1.270310282707214355e-01 -3.682951331138610840e-01 -1.289524793624877930e+00
-1.210801824927330017e-01 -3.683813512325286865e-01 -1.289940714836120605e+00
-1.152848005294799805e-01 -3.689740598201751709e-01 -1.292115807533264160e+00
-1.095121502876281738e-01 -3.697085082530975342e-01 -1.294774413108825684e+00
-1.034741774201393127e-01 -3.695805072784423828e-01 -1.294400572776794434e+00
-9.765005111694335938e-02 -3.702474832534790039e-01 -1.296800494194030762e+00
-9.233848750591278076e-02 -3.730728924274444580e-01 -1.306751132011413574e+00
-8.642908185720443726e-02 -3.737100064754486084e-01 -1.309028744697570801e+00
-8.066923171281814575e-02 -3.751387894153594971e-01 -1.314071893692016602e+00
-7.472365349531173706e-02 -3.758666515350341797e-01 -1.316653251647949219e+00
-6.863126903772354126e-02 -3.759198784828186035e-01 -1.316865682601928711e+00
-6.254165619611740112e-02 -3.760001361370086670e-01 -1.317167758941650391e+00
-5.658129230141639709e-02 -3.769588470458984375e-01 -1.320542931556701660e+00
-5.009112134575843811e-02 -3.741924166679382324e-01 -1.310864448547363281e+00
-2.331211715936660767e-01 -3.815478980541229248e-01 -1.307620882987976074e+00
-2.275956422090530396e-01 -3.825056254863739014e-01 -1.311591744422912598e+00
-2.207827717065811157e-01 -3.812929391860961914e-01 -1.308071255683898926e+00
-2.143961489200592041e-01 -3.807684481143951416e-01 -1.306862950325012207e+00
-2.079179286956787109e-01 -3.800458908081054688e-01 -1.304929137229919434e+00
-2.014556080102920532e-01 -3.793098330497741699e-01 -1.302905559539794922e+00
-1.945848315954208374e-01 -3.777351677417755127e-01 -1.297959446907043457e+00
-1.877687722444534302e-01 -3.761693835258483887e-01 -1.293003320693969727e+00
-1.813393384218215942e-01 -3.753001689910888672e-01 -1.290404319763183594e+00
-1.749437600374221802e-01 -3.744440078735351562e-01 -1.287815928459167480e+00
-1.684223562479019165e-01 -3.732483685016632080e-01 -1.284027576446533203e+00
-1.625190526247024536e-01 -3.733851015567779541e-01 -1.284793257713317871e+00
-1.565914750099182129e-01 -3.734742403030395508e-01 -1.285368800163269043e+00
-1.506668478250503540e-01 -3.735778033733367920e-01 -1.285969138145446777e+00
-1.447172909975051880e-01 -3.736255764961242676e-01 -1.286354064941406250e+00
-1.387407332658767700e-01 -3.736047446727752686e-01 -1.286481022834777832e+00
-1.328356564044952393e-01 -3.737831711769104004e-01 -1.287274122238159180e+00
-1.269007474184036255e-01 -3.738904595375061035e-01 -1.287803649902343750e+00
-1.210552006959915161e-01 -3.742847144603729248e-01 -1.289304494857788086e+00
-1.153001189231872559e-01 -3.750140964984893799e-01 -1.291944503784179688e+00
-1.096121892333030701e-01 -3.760538697242736816e-01 -1.295639514923095703e+00
-1.034518852829933167e-01 -3.754996359348297119e-01 -1.293829560279846191e+00
-9.787160158157348633e-02 -3.771120607852935791e-01 -1.299473166465759277e+00
-9.192084521055221558e-02 -3.774148821830749512e-01 -1.300593495368957520e+00
-8.622001856565475464e-02 -3.788584470748901367e-01 -1.305635094642639160e+00
-8.040343225002288818e-02 -3.799729049205780029e-01 -1.309533953666687012e+00
-7.451945543289184570e-02 -3.809249699115753174e-01 -1.312865138053894043e+00
-6.843921542167663574e-02 -3.809538185596466064e-01 -1.313007354736328125e+00
-6.247472018003463745e-02 -3.816955089569091797e-01 -1.315600275993347168e+00
-5.648343265056610107e-02 -3.824161887168884277e-01 -1.318114995956420898e+00
-5.037608370184898376e-02 -3.824305832386016846e-01 -1.318190455436706543e+00
-4.346750304102897644e-02 -3.755269646644592285e-01 -1.294415473937988281e+00
-2.371319979429244995e-01 -3.842653334140777588e-01 -1.294233202934265137e+00
-2.338118851184844971e-01 -3.887918591499328613e-01 -1.310273051261901855e+00
-2.273816615343093872e-01 -3.882508873939514160e-01 -1.309190869331359863e+00
-2.207604050636291504e-01 -3.873449862003326416e-01 -1.306825280189514160e+00
-2.142089903354644775e-01 -3.865136802196502686e-01 -1.304660797119140625e+00
-2.077323198318481445e-01 -3.857726156711578369e-01 -1.302753567695617676e+00
-2.012461274862289429e-01 -3.849687576293945312e-01 -1.300589323043823242e+00
-1.944754421710968018e-01 -3.835538923740386963e-01 -1.296317458152770996e+00
-1.877204775810241699e-01 -3.820805251598358154e-01 -1.291805982589721680e+00
-1.811175793409347534e-01 -3.808294832706451416e-01 -1.288007259368896484e+00
-1.745901703834533691e-01 -3.796570003032684326e-01 -1.284437656402587891e+00
-1.683520078659057617e-01 -3.790527582168579102e-01 -1.282757043838500977e+00
-1.622772812843322754e-01 -3.787856996059417725e-01 -1.282186627388000488e+00
-1.562523394823074341e-01 -3.786188960075378418e-01 -1.281927227973937988e+00
-1.504023820161819458e-01 -3.788796663284301758e-01 -1.283089399337768555e+00
-1.444050967693328857e-01 -3.787755370140075684e-01 -1.282991290092468262e+00
-1.384520679712295532e-01 -3.787834346294403076e-01 -1.283249616622924805e+00
-1.325997263193130493e-01 -3.790799975395202637e-01 -1.284464597702026367e+00
-1.267037689685821533e-01 -3.792738616466522217e-01 -1.285311818122863770e+00
-1.209269165992736816e-01 -3.798610568046569824e-01 -1.287473917007446289e+00
-1.151983439922332764e-01 -3.806687891483306885e-01 -1.290366768836975098e+00
-1.092560067772865295e-01 -3.808199763298034668e-01 -1.291018605232238770e+00
-1.034870445728302002e-01 -3.816280364990234375e-01 -1.293882846832275391e+00
-9.763119369745254517e-02 -3.821954429149627686e-01 -1.295918107032775879e+00
-9.178526699542999268e-02 -3.828786909580230713e-01 -1.298334121704101562e+00
-8.588428050279617310e-02 -3.834120631217956543e-01 -1.300230503082275391e+00
-8.008087426424026489e-02 -3.844944536685943604e-01 -1.303979039192199707e+00
-7.426308095455169678e-02 -3.856789171695709229e-01 -1.308064460754394531e+00
-6.828746199607849121e-02 -3.861815035343170166e-01 -1.309828877449035645e+00
-6.228324398398399353e-02 -3.866046965122222900e-01 -1.311316251754760742e+00
-5.644491314888000488e-02 -3.882604539394378662e-01 -1.316977500915527344e+00
-5.027688667178153992e-02 -3.877750337123870850e-01 -1.315369486808776855e+00
-4.387172311544418335e-02 -3.850741088390350342e-01 -1.306240081787109375e+00
-2.384648621082305908e-01 -3.925014138221740723e-01 -1.300129652023315430e+00
-2.315255850553512573e-01 -3.910437524318695068e-01 -1.296141982078552246e+00
-2.269228249788284302e-01 -3.935600817203521729e-01 -1.305275201797485352e+00
-2.205772697925567627e-01 -3.931092917919158936e-01 -1.304520606994628906e+00
-2.143391817808151245e-01 -3.928299248218536377e-01 -1.304284811019897461e+00
-2.077045887708663940e-01 -3.917862772941589355e-01 -1.301462888717651367e+00
-2.009712457656860352e-01 -3.904879987239837646e-01 -1.297747492790222168e+00
-1.940188705921173096e-01 -3.886703550815582275e-01 -1.292259812355041504e+00
-1.876351833343505859e-01 -3.879120945930480957e-01 -1.290251493453979492e+00
-1.811418235301971436e-01 -3.868694901466369629e-01 -1.287257671356201172e+00
-1.745545715093612671e-01 -3.855481743812561035e-01 -1.283298730850219727e+00
-1.681474149227142334e-01 -3.845452070236206055e-01 -1.280363678932189941e+00
-1.618898510932922363e-01 -3.838232457637786865e-01 -1.278331518173217773e+00
-1.560221761465072632e-01 -3.840058743953704834e-01 -1.279282093048095703e+00
-1.502759754657745361e-01 -3.845137953758239746e-01 -1.281289458274841309e+00
-1.443036347627639771e-01 -3.844611048698425293e-01 -1.281403064727783203e+00
-1.383836418390274048e-01 -3.845493793487548828e-01 -1.281962394714355469e+00
-1.323707252740859985e-01 -3.843757510185241699e-01 -1.281625628471374512e+00
-1.265042275190353394e-01 -3.846309781074523926e-01 -1.282697319984436035e+00
-1.207003518939018250e-01 -3.851111829280853271e-01 -1.284500122070312500e+00
-1.149449795484542847e-01 -3.858041167259216309e-01 -1.286994457244873047e+00
-1.090481877326965332e-01 -3.860722780227661133e-01 -1.288054823875427246e+00
-1.032373160123825073e-01 -3.866934478282928467e-01 -1.290277242660522461e+00
-9.742969274520874023e-02 -3.874039351940155029e-01 -1.292783260345458984e+00
-9.160611033439636230e-02 -3.881400525569915771e-01 -1.295361638069152832e+00
-8.585817366838455200e-02 -3.893224596977233887e-01 -1.299417138099670410e+00
-8.012675493955612183e-02 -3.907640278339385986e-01 -1.304326415061950684e+00
-7.427778095006942749e-02 -3.918209373950958252e-01 -1.307941436767578125e+00
-6.827914714813232422e-02 -3.922061622142791748e-01 -1.309304237365722656e+00
-6.220949813723564148e-02 -3.922187983989715576e-01 -1.309414267539978027e+00
-5.621384456753730774e-02 -3.927511572837829590e-01 -1.311250805854797363e+00
-5.016710236668586731e-02 -3.930124044418334961e-01 -1.312174439430236816e+00
-4.382703825831413269e-02 -3.907307386398315430e-01 -1.304600238800048828e+00
-3.705583140254020691e-02 -3.832591772079467773e-01 -1.279690027236938477e+00
-2.403581291437149048e-01 -3.917598426342010498e-01 -1.275483846664428711e+00
-2.382675707340240479e-01 -3.982478976249694824e-01 -1.297563195228576660e+00
-2.334759533405303955e-01 -4.004425406455993652e-01 -1.305617094039916992e+00
-2.266433238983154297e-01 -3.991604447364807129e-01 -1.302282691001892090e+00
-2.209271788597106934e-01 -3.998281955718994141e-01 -1.305255770683288574e+00
-2.141833752393722534e-01 -3.986212313175201416e-01 -1.302057623863220215e+00
-2.074888795614242554e-01 -3.974382281303405762e-01 -1.298885703086853027e+00
-1.998916715383529663e-01 -3.944029211997985840e-01 -1.289608001708984375e+00
-1.933123320341110229e-01 -3.932499885559082031e-01 -1.286435604095458984e+00
-1.871798038482666016e-01 -3.929612934589385986e-01 -1.286047697067260742e+00
-1.812333017587661743e-01 -3.930568695068359375e-01 -1.286878824234008789e+00
-1.746291518211364746e-01 -3.916839957237243652e-01 -1.282863974571228027e+00
-1.675260514020919800e-01 -3.890552222728729248e-01 -1.274696469306945801e+00
-1.616197377443313599e-01 -3.891147673130035400e-01 -1.275301814079284668e+00
-1.558301299810409546e-01 -3.894706070423126221e-01 -1.276847958564758301e+00
-1.501272767782211304e-01 -3.900800049304962158e-01 -1.279197335243225098e+00
-1.443150043487548828e-01 -3.904436230659484863e-01 -1.280714273452758789e+00
-1.382468193769454956e-01 -3.901163935661315918e-01 -1.279939651489257812e+00
-1.322764903306961060e-01 -3.900482952594757080e-01 -1.279990553855895996e+00
-1.262830048799514771e-01 -3.899022936820983887e-01 -1.279762983322143555e+00
-1.206998005509376526e-01 -3.910711705684661865e-01 -1.283830761909484863e+00
-1.147008761763572693e-01 -3.909446299076080322e-01 -1.283626437187194824e+00
-1.088863089680671692e-01 -3.914670348167419434e-01 -1.285534262657165527e+00
-1.029250472784042358e-01 -3.914919793605804443e-01 -1.285791516304016113e+00
-9.716365486383438110e-02 -3.923270404338836670e-01 -1.288693308830261230e+00
-9.144849330186843872e-02 -3.934705853462219238e-01 -1.292594075202941895e+00
-8.585803210735321045e-02 -3.953488469123840332e-01 -1.298895359039306641e+00
-8.017761260271072388e-02 -3.970652520656585693e-01 -1.304652690887451172e+00
-7.439353317022323608e-02 -3.985067307949066162e-01 -1.309495210647583008e+00
-6.835480034351348877e-02 -3.987190723419189453e-01 -1.310287594795227051e+00
-6.224336847662925720e-02 -3.985074758529663086e-01 -1.309675931930541992e+00
-5.617325380444526672e-02 -3.985432386398315430e-01 -1.309867262840270996e+00
-5.026445537805557251e-02 -3.998710215091705322e-01 -1.314295649528503418e+00
-4.401345923542976379e-02 -3.984672725200653076e-01 -1.309737205505371094e+00
-3.752898424863815308e-02 -3.941617906093597412e-01 -1.295632123947143555e+00
-2.444585114717483521e-01 -4.045172333717346191e-01 -1.295576572418212891e+00
-2.401292324066162109e-01 -4.074781835079193115e-01 -1.306080579757690430e+00
-2.337492406368255615e-01 -4.070230722427368164e-01 -1.305582523345947266e+00
-2.278842031955718994e-01 -4.074642658233642578e-01 -1.307903051376342773e+00
-2.204744070768356323e-01 -4.050915539264678955e-01 -1.301133155822753906e+00
-2.137965708971023560e-01 -4.039672613143920898e-01 -1.298314452171325684e+00
-2.068656831979751587e-01 -4.022851586341857910e-01 -1.293648719787597656e+00
-2.004315555095672607e-01 -4.014969766139984131e-01 -1.291806817054748535e+00
-1.929673105478286743e-01 -3.985324203968048096e-01 -1.282911658287048340e+00
-1.867157667875289917e-01 -3.979628682136535645e-01 -1.281679034233093262e+00
-1.807170808315277100e-01 -3.979123532772064209e-01 -1.282077193260192871e+00
-1.746003329753875732e-01 -3.975895643234252930e-01 -1.281559824943542480e+00
-1.679098159074783325e-01 -3.958911001682281494e-01 -1.276569843292236328e+00
-1.615535020828247070e-01 -3.948848545551300049e-01 -1.273774981498718262e+00
-1.557368487119674683e-01 -3.951712846755981445e-01 -1.275116920471191406e+00
-1.500247716903686523e-01 -3.957562744617462158e-01 -1.277392864227294922e+00
-1.441800147294998169e-01 -3.960250914096832275e-01 -1.278620362281799316e+00
-1.382855176925659180e-01 -3.961745202541351318e-01 -1.279435992240905762e+00
-1.319716125726699829e-01 -3.950817883014678955e-01 -1.276213526725769043e+00
-1.262867003679275513e-01 -3.958578407764434814e-01 -1.279003500938415527e+00
-1.204278245568275452e-01 -3.961383402347564697e-01 -1.280170440673828125e+00
-1.145020127296447754e-01 -3.962163627147674561e-01 -1.280661940574645996e+00
-1.085629165172576904e-01 -3.962544500827789307e-01 -1.281004309654235840e+00
-1.028728038072586060e-01 -3.972584009170532227e-01 -1.284451007843017578e+00
-9.712465107440948486e-02 -3.981480896472930908e-01 -1.287511348724365234e+00
-9.135288745164871216e-02 -3.990512788295745850e-01 -1.290599584579467773e+00
-8.566141128540039062e-02 -4.004566967487335205e-01 -1.295297265052795410e+00
-7.990656048059463501e-02 -4.017556011676788330e-01 -1.299636840820312500e+00
-7.421495020389556885e-02 -4.036106169223785400e-01 -1.305762648582458496e+00
-6.828824430704116821e-02 -4.044032990932464600e-01 -1.308439135551452637e+00
-6.229120120406150818e-02 -4.048935770988464355e-01 -1.310125350952148438e+00
-5.642421543598175049e-02 -4.064266383647918701e-01 -1.315174579620361328e+00
-5.045422911643981934e-02 -4.074996411800384521e-01 -1.318724870681762695e+00
-4.435322061181068420e-02 -4.076646864414215088e-01 -1.319326519966125488e+00
-3.820389509201049805e-02 -4.073672592639923096e-01 -1.318421602249145508e+00
-2.493794560432434082e-01 -4.087013900279998779e-01 -1.286704063415527344e+00
-2.463670074939727783e-01 -4.137969613075256348e-01 -1.303888678550720215e+00
-2.408610880374908447e-01 -4.148573577404022217e-01 -1.308312535285949707e+00
-2.344406694173812866e-01 -4.143569171428680420e-01 -1.307754993438720703e+00
-2.272166460752487183e-01 -4.123711585998535156e-01 -1.302445769309997559e+00
-2.205707132816314697e-01 -4.113539755344390869e-01 -1.300133466720581055e+00
-2.137742638587951660e-01 -4.099904000759124756e-01 -1.296668529510498047e+00
-2.072881162166595459e-01 -4.091596305370330811e-01 -1.294834136962890625e+00
-2.004552781581878662e-01 -4.075740873813629150e-01 -1.290558218955993652e+00
-1.932067573070526123e-01 -4.050187170505523682e-01 -1.283158659934997559e+00
-1.865755319595336914e-01 -4.036352038383483887e-01 -1.279421925544738770e+00
-1.803297996520996094e-01 -4.030218124389648438e-01 -1.278082013130187988e+00
-1.742334365844726562e-01 -4.027117192745208740e-01 -1.277663230895996094e+00
-1.681578606367111206e-01 -4.024293720722198486e-01 -1.277294635772705078e+00
-1.615746468305587769e-01 -4.008668661117553711e-01 -1.272825241088867188e+00
-1.556219011545181274e-01 -4.008090794086456299e-01 -1.273098468780517578e+00
-1.498625129461288452e-01 -4.012644290924072266e-01 -1.274970173835754395e+00
-1.440783143043518066e-01 -4.016881585121154785e-01 -1.276712417602539062e+00
-1.380528509616851807e-01 -4.014468193054199219e-01 -1.276312232017517090e+00
-1.320288628339767456e-01 -4.011882543563842773e-01 -1.275830149650573730e+00
-1.260569542646408081e-01 -4.010710120201110840e-01 -1.275771617889404297e+00
-1.202408224344253540e-01 -4.014623463153839111e-01 -1.277307033538818359e+00
-1.141297444701194763e-01 -4.008583426475524902e-01 -1.275652766227722168e+00
-1.085022762417793274e-01 -4.019798636436462402e-01 -1.279468655586242676e+00
-1.028093621134757996e-01 -4.029749631881713867e-01 -1.282862782478332520e+00
-9.716126322746276855e-02 -4.042789638042449951e-01 -1.287222862243652344e+00
-9.127582609653472900e-02 -4.047017395496368408e-01 -1.288759827613830566e+00
-8.538239449262619019e-02 -4.051459431648254395e-01 -1.290348052978515625e+00
-7.952902466058731079e-02 -4.058616161346435547e-01 -1.292785406112670898e+00
-7.387009263038635254e-02 -4.077675640583038330e-01 -1.298999786376953125e+00
-6.804303079843521118e-02 -4.090018570423126221e-01 -1.303061127662658691e+00
-6.219612807035446167e-02 -4.103461205959320068e-01 -1.307459950447082520e+00
-5.633067339658737183e-02 -4.118455648422241211e-01 -1.312340974807739258e+00
-5.054953694343566895e-02 -4.143999814987182617e-01 -1.320572018623352051e+00
-4.457250237464904785e-02 -4.158318638801574707e-01 -1.325214862823486328e+00
-3.834358230233192444e-02 -4.149960577487945557e-01 -1.322619438171386719e+00
-3.204138204455375671e-02 -4.128973186016082764e-01 -1.315987825393676758e+00
-2.502727806568145752e-01 -4.162333011627197266e-01 -1.289340853691101074e+00
-2.461728453636169434e-01 -4.195875823497772217e-01 -1.300932884216308594e+00
-2.413122653961181641e-01 -4.217832684516906738e-01 -1.308884143829345703e+00
-2.342181950807571411e-01 -4.200877845287322998e-01 -1.304699897766113281e+00
-2.272472530603408813e-01 -4.185280799865722656e-01 -1.300870180130004883e+00
-2.201397269964218140e-01 -4.166237711906433105e-01 -1.295904397964477539e+00
-2.142045050859451294e-01 -4.168930351734161377e-01 -1.297641515731811523e+00
-2.071643918752670288e-01 -4.149648249149322510e-01 -1.292483568191528320e+00
-1.998866200447082520e-01 -4.124302566051483154e-01 -1.285378694534301758e+00
-1.933172941207885742e-01 -4.112455546855926514e-01 -1.282427072525024414e+00
-1.864246577024459839e-01 -4.092752635478973389e-01 -1.276975274085998535e+00
-1.800960004329681396e-01 -4.084537327289581299e-01 -1.275060653686523438e+00
-1.740721166133880615e-01 -4.082909226417541504e-01 -1.275160312652587891e+00
-1.674682497978210449e-01 -4.067080020904541016e-01 -1.270783901214599609e+00
-1.613834798336029053e-01 -4.063158631324768066e-01 -1.270088672637939453e+00
-1.555083394050598145e-01 -4.064416885375976562e-01 -1.270977377891540527e+00
-1.498538851737976074e-01 -4.071771502494812012e-01 -1.273740530014038086e+00
-1.439604312181472778e-01 -4.072971642017364502e-01 -1.274547696113586426e+00
-1.378972381353378296e-01 -4.069265127182006836e-01 -1.273789525032043457e+00
-1.319273561239242554e-01 -4.068103134632110596e-01 -1.273798942565917969e+00
-1.259921342134475708e-01 -4.067950546741485596e-01 -1.274097442626953125e+00
-1.199445202946662903e-01 -4.063975512981414795e-01 -1.273172855377197266e+00
-1.141051054000854492e-01 -4.067007303237915039e-01 -1.274419307708740234e+00
-1.082865521311759949e-01 -4.071156084537506104e-01 -1.275993466377258301e+00
-1.026433482766151428e-01 -4.082761108875274658e-01 -1.279883861541748047e+00
-9.696484357118606567e-02 -4.094303846359252930e-01 -1.283735513687133789e+00
-9.115825593471527100e-02 -4.101597666740417480e-01 -1.286236524581909180e+00
-8.522415161132812500e-02 -4.103775620460510254e-01 -1.287115216255187988e+00
-7.935360074043273926e-02 -4.109573662281036377e-01 -1.289111852645874023e+00
-7.375430315732955933e-02 -4.131513237953186035e-01 -1.296156525611877441e+00
-6.778930127620697021e-02 -4.135047495365142822e-01 -1.297412037849426270e+00
-6.204725429415702820e-02 -4.154199063777923584e-01 -1.303553104400634766e+00
-5.622580647468566895e-02 -4.171602427959442139e-01 -1.309132218360900879e+00
-5.039825662970542908e-02 -4.192719459533691406e-01 -1.315863847732543945e+00
-4.462942481040954590e-02 -4.225224256515502930e-01 -1.326157331466674805e+00
-3.831569105386734009e-02 -4.208290874958038330e-01 -1.320921182632446289e+00
-2.512184679508209229e-01 -4.238969087600708008e-01 -1.292102336883544922e+00
-2.459264844655990601e-01 -4.252783358097076416e-01 -1.297574043273925781e+00
-2.406074255704879761e-01 -4.266820549964904785e-01 -1.303056836128234863e+00
-2.342067956924438477e-01 -4.261911511421203613e-01 -1.302692651748657227e+00
-2.268485128879547119e-01 -4.238843321800231934e-01 -1.296710729598999023e+00
-2.201542109251022339e-01 -4.227251410484313965e-01 -1.294172883033752441e+00
-2.124556452035903931e-01 -4.195171892642974854e-01 -1.285297274589538574e+00
-2.056449949741363525e-01 -4.179263710975646973e-01 -1.281312704086303711e+00
-1.997622102499008179e-01 -4.181822538375854492e-01 -1.282936573028564453e+00
-1.929071992635726929e-01 -4.163556098937988281e-01 -1.278120279312133789e+00
-1.862715631723403931e-01 -4.149006903171539307e-01 -1.274392962455749512e+00
-1.799841225147247314e-01 -4.141507446765899658e-01 -1.272783398628234863e+00
-1.737816482782363892e-01 -4.135517477989196777e-01 -1.271593570709228516e+00
-1.674003303050994873e-01 -4.124696552753448486e-01 -1.268875718116760254e+00
-1.612558960914611816e-01 -4.119132459163665771e-01 -1.267734885215759277e+00
-1.554057300090789795e-01 -4.120947718620300293e-01 -1.268828272819519043e+00
-1.497409790754318237e-01 -4.128018021583557129e-01 -1.271506428718566895e+00
-1.435681879520416260e-01 -4.121087789535522461e-01 -1.269839286804199219e+00
-1.376791298389434814e-01 -4.122057259082794189e-01 -1.270574331283569336e+00
-1.317746937274932861e-01 -4.122631847858428955e-01 -1.271158099174499512e+00
-1.258262246847152710e-01 -4.121818840503692627e-01 -1.271285533905029297e+00
-1.199177876114845276e-01 -4.122300744056701660e-01 -1.271785736083984375e+00
-1.140750274062156677e-01 -4.125208556652069092e-01 -1.273008942604064941e+00
-1.081818342208862305e-01 -4.126511514186859131e-01 -1.273712754249572754e+00
-1.023884639143943787e-01 -4.131993651390075684e-01 -1.275683999061584473e+00
-9.678588807582855225e-02 -4.146324396133422852e-01 -1.280366420745849609e+00
-9.099528938531875610e-02 -4.153951704502105713e-01 -1.282959103584289551e+00
-8.519586175680160522e-02 -4.162218570709228516e-01 -1.285730242729187012e+00
-7.934839278459548950e-02 -4.169209599494934082e-01 -1.288089036941528320e+00
-7.350771874189376831e-02 -4.177728295326232910e-01 -1.290902256965637207e+00
-6.781299412250518799e-02 -4.196794927120208740e-01 -1.296958446502685547e+00
-6.196727231144905090e-02 -4.209326505661010742e-01 -1.300979614257812500e+00
-5.614885687828063965e-02 -4.226624071598052979e-01 -1.306458830833435059e+00
-5.036087706685066223e-02 -4.250686466693878174e-01 -1.314014554023742676e+00
-4.435077682137489319e-02 -4.260054528713226318e-01 -1.317014217376708984e+00
-3.813272714614868164e-02 -4.249251186847686768e-01 -1.313762903213500977e+00
-3.172403201460838318e-02 -4.209034144878387451e-01 -1.301402926445007324e+00
-2.524874359369277954e-02 -4.138955175876617432e-01 -1.279794692993164062e+00
-2.506010830402374268e-01 -4.289309978485107422e-01 -1.286687612533569336e+00
-2.456714212894439697e-01 -4.309415519237518311e-01 -1.294039249420166016e+00
-2.401256561279296875e-01 -4.319462776184082031e-01 -1.298313260078430176e+00
-2.332385480403900146e-01 -4.305275976657867432e-01 -1.295237898826599121e+00
-2.264133542776107788e-01 -4.291501343250274658e-01 -1.292217612266540527e+00
-2.194961309432983398e-01 -4.275173544883728027e-01 -1.288361787796020508e+00
-2.121098339557647705e-01 -4.248524010181427002e-01 -1.281328320503234863e+00
-2.058162093162536621e-01 -4.242843687534332275e-01 -1.280557274818420410e+00
-1.996021419763565063e-01 -4.238510131835937500e-01 -1.280138969421386719e+00
-1.927986145019531250e-01 -4.221003353595733643e-01 -1.275687813758850098e+00
-1.861163526773452759e-01 -4.205115139484405518e-01 -1.271671891212463379e+00
-1.798220872879028320e-01 -4.197233319282531738e-01 -1.270027637481689453e+00
-1.736888140439987183e-01 -4.192698001861572266e-01 -1.269350647926330566e+00
-1.674890071153640747e-01 -4.186179339885711670e-01 -1.268029928207397461e+00
-1.614883244037628174e-01 -4.184341430664062500e-01 -1.268086314201354980e+00
-1.556103825569152832e-01 -4.185664653778076172e-01 -1.269063115119934082e+00
-1.491685360670089722e-01 -4.171323776245117188e-01 -1.265252947807312012e+00
-1.433889716863632202e-01 -4.175084233283996582e-01 -1.266897678375244141e+00
-1.375277340412139893e-01 -4.176687896251678467e-01 -1.267855644226074219e+00
-1.316532641649246216e-01 -4.178015291690826416e-01 -1.268699049949645996e+00
-1.255519241094589233e-01 -4.171928763389587402e-01 -1.267261147499084473e+00
-1.199728250503540039e-01 -4.183452129364013672e-01 -1.271144390106201172e+00
-1.139929965138435364e-01 -4.181472957134246826e-01 -1.270898699760437012e+00
-1.081668362021446228e-01 -4.185223281383514404e-01 -1.272368550300598145e+00
-1.024342700839042664e-01 -4.193239510059356689e-01 -1.275112032890319824e+00
-9.679391980171203613e-02 -4.206250309944152832e-01 -1.279351830482482910e+00
-9.093912690877914429e-02 -4.211037755012512207e-01 -1.281069397926330566e+00
-8.503037691116333008e-02 -4.213823080062866211e-01 -1.282156586647033691e+00
-7.925696671009063721e-02 -4.224242269992828369e-01 -1.285547018051147461e+00
-7.352912425994873047e-02 -4.238990247249603271e-01 -1.290236353874206543e+00
-6.777764856815338135e-02 -4.254877865314483643e-01 -1.295254826545715332e+00
-6.201461330056190491e-02 -4.273070394992828369e-01 -1.300958156585693359e+00
-5.612989515066146851e-02 -4.285906851291656494e-01 -1.305014491081237793e+00
-5.020635202527046204e-02 -4.298532605171203613e-01 -1.308990359306335449e+00
-4.417031630873680115e-02 -4.303683042526245117e-01 -1.310673952102661133e+00
-3.808121755719184875e-02 -4.304484724998474121e-01 -1.311017274856567383e+00
-3.192902356386184692e-02 -4.297100603580474854e-01 -1.308851838111877441e+00
-2.552879042923450470e-02 -4.244993031024932861e-01 -1.293048143386840820e+00
-2.447993904352188110e-01 -4.354945123195648193e-01 -1.287127375602722168e+00
-2.393333911895751953e-01 -4.366194903850555420e-01 -1.291764855384826660e+00
-2.327169775962829590e-01 -4.356496632099151611e-01 -1.290140390396118164e+00
-2.260827124118804932e-01 -4.345934689044952393e-01 -1.288191676139831543e+00
-2.188633829355239868e-01 -4.323232769966125488e-01 -1.282575607299804688e+00
-2.124601006507873535e-01 -4.315819740295410156e-01 -1.281429886817932129e+00
-2.064311355352401733e-01 -4.315799474716186523e-01 -1.282421708106994629e+00
-1.994402706623077393e-01 -4.295063316822052002e-01 -1.277199983596801758e+00
-1.923272460699081421e-01 -4.270327985286712646e-01 -1.270728468894958496e+00
-1.860636919736862183e-01 -4.263474047183990479e-01 -1.269522666931152344e+00
-1.797956079244613647e-01 -4.256060421466827393e-01 -1.268100738525390625e+00
-1.736641526222229004e-01 -4.251484572887420654e-01 -1.267477512359619141e+00
-1.674976348876953125e-01 -4.245695173740386963e-01 -1.266448140144348145e+00
-1.616219580173492432e-01 -4.247124195098876953e-01 -1.267530202865600586e+00
-1.552714854478836060e-01 -4.235709607601165771e-01 -1.264738559722900391e+00
-1.492056399583816528e-01 -4.231463372707366943e-01 -1.264047741889953613e+00
-1.433204561471939087e-01 -4.232200682163238525e-01 -1.264809370040893555e+00
-1.376976370811462402e-01 -4.241083860397338867e-01 -1.267972350120544434e+00
-1.316954791545867920e-01 -4.238555431365966797e-01 -1.267691731452941895e+00
-1.259199529886245728e-01 -4.243426620960235596e-01 -1.269593238830566406e+00
-1.196352168917655945e-01 -4.230771958827972412e-01 -1.266220331192016602e+00
-1.142251640558242798e-01 -4.249341189861297607e-01 -1.272164583206176758e+00
-1.082690209150314331e-01 -4.248517155647277832e-01 -1.272277116775512695e+00
-1.025566905736923218e-01 -4.257719218730926514e-01 -1.275366663932800293e+00
-9.674137085676193237e-02 -4.263516068458557129e-01 -1.277412176132202148e+00
-9.075922518968582153e-02 -4.262238740921020508e-01 -1.277314543724060059e+00
-8.490204811096191406e-02 -4.267061948776245117e-01 -1.279022455215454102e+00
-7.917058467864990234e-02 -4.279409945011138916e-01 -1.282964706420898438e+00
-7.343786954879760742e-02 -4.293700754642486572e-01 -1.287469625473022461e+00
-6.781760603189468384e-02 -4.317692816257476807e-01 -1.294865012168884277e+00
-6.206974759697914124e-02 -4.337451159954071045e-01 -1.300972938537597656e+00
-5.604354664683341980e-02 -4.339930415153503418e-01 -1.301879644393920898e+00
-5.002978071570396423e-02 -4.344089925289154053e-01 -1.303272247314453125e+00
-4.410267248749732971e-02 -4.357960522174835205e-01 -1.307560801506042480e+00
-3.803851082921028137e-02 -4.360561966896057129e-01 -1.308451175689697266e+00
-3.179077059030532837e-02 -4.339099228382110596e-01 -1.302103281021118164e+00
-2.554685808718204498e-02 -4.308170676231384277e-01 -1.292897105216979980e+00
-2.376197576522827148e-01 -4.395479261875152588e-01 -1.280127525329589844e+00
-2.320490330457687378e-01 -4.404665827751159668e-01 -1.284102559089660645e+00
-2.252117842435836792e-01 -4.389659762382507324e-01 -1.280959606170654297e+00
-2.188470810651779175e-01 -4.383289813995361328e-01 -1.280269503593444824e+00
-2.122727781534194946e-01 -4.372241199016571045e-01 -1.278149366378784180e+00
-2.058375328779220581e-01 -4.363495707511901855e-01 -1.276640892028808594e+00
-1.989692449569702148e-01 -4.344767630100250244e-01 -1.272150754928588867e+00
-1.923555582761764526e-01 -4.330609738826751709e-01 -1.268939256668090820e+00
-1.859539747238159180e-01 -4.320473968982696533e-01 -1.266850829124450684e+00
-1.798520088195800781e-01 -4.316859543323516846e-01 -1.266623854637145996e+00
-1.737553775310516357e-01 -4.313130378723144531e-01 -1.266315817832946777e+00
-1.675319969654083252e-01 -4.305879175662994385e-01 -1.264927506446838379e+00
-1.612628251314163208e-01 -4.296875894069671631e-01 -1.262979507446289062e+00
-1.550600528717041016e-01 -4.289022684097290039e-01 -1.261326313018798828e+00
-1.490442752838134766e-01 -4.285924732685089111e-01 -1.261031031608581543e+00
-1.433811336755752563e-01 -4.293130040168762207e-01 -1.263730525970458984e+00
-1.378643661737442017e-01 -4.305526614189147949e-01 -1.267925143241882324e+00
-1.320529878139495850e-01 -4.309423267841339111e-01 -1.269584298133850098e+00
-1.256971955299377441e-01 -4.295083880424499512e-01 -1.265837192535400391e+00
-1.202693730592727661e-01 -4.312603473663330078e-01 -1.271448254585266113e+00
-1.142348647117614746e-01 -4.309058785438537598e-01 -1.270820379257202148e+00
-1.083739027380943298e-01 -4.312030076980590820e-01 -1.272085428237915039e+00
-1.024565473198890686e-01 -4.312971830368041992e-01 -1.272724151611328125e+00
-9.654057770967483521e-02 -4.314092695713043213e-01 -1.273389339447021484e+00
-9.061291068792343140e-02 -4.314802587032318115e-01 -1.273908138275146484e+00
-8.493403345346450806e-02 -4.328291416168212891e-01 -1.278176188468933105e+00
-7.927720993757247925e-02 -4.345025420188903809e-01 -1.283380746841430664e+00
-7.351158559322357178e-02 -4.358042180538177490e-01 -1.287466287612915039e+00
-6.799628585577011108e-02 -4.389533102512359619e-01 -1.296990036964416504e+00
-6.209410354495048523e-02 -4.399759471416473389e-01 -1.300210952758789062e+00
-5.592239648103713989e-02 -4.391033947467803955e-01 -1.297810792922973633e+00
-4.989570379257202148e-02 -4.392960071563720703e-01 -1.298538446426391602e+00
-4.395286738872528076e-02 -4.403819441795349121e-01 -1.301887631416320801e+00
-3.799846023321151733e-02 -4.416811466217041016e-01 -1.305848956108093262e+00
-3.162233158946037292e-02 -4.376392960548400879e-01 -1.293999791145324707e+00
-2.549561671912670135e-02 -4.359581768512725830e-01 -1.289111614227294922e+00
-2.298181802034378052e-01 -4.422410726547241211e-01 -1.269303679466247559e+00
-2.244808673858642578e-01 -4.435684084892272949e-01 -1.274397969245910645e+00
-2.178698480129241943e-01 -4.423826336860656738e-01 -1.272210359573364258e+00
-2.124146521091461182e-01 -4.435431063175201416e-01 -1.276710033416748047e+00
-2.050945758819580078e-01 -4.407635331153869629e-01 -1.269806504249572754e+00
-1.987204849720001221e-01 -4.399109184741973877e-01 -1.268389821052551270e+00
-1.922134757041931152e-01 -4.387020468711853027e-01 -1.265887737274169922e+00
-1.860162019729614258e-01 -4.381453692913055420e-01 -1.265212178230285645e+00
-1.797369271516799927e-01 -4.373522996902465820e-01 -1.263801813125610352e+00
-1.737535595893859863e-01 -4.372496604919433594e-01 -1.264337301254272461e+00
-1.673764884471893311e-01 -4.361139535903930664e-01 -1.261837601661682129e+00
-1.611611247062683105e-01 -4.353317320346832275e-01 -1.260313391685485840e+00
-1.549230515956878662e-01 -4.344261586666107178e-01 -1.258387565612792969e+00
-1.490106582641601562e-01 -4.343982338905334473e-01 -1.258962035179138184e+00
-1.433293521404266357e-01 -4.350695312023162842e-01 -1.261525273323059082e+00
-1.378187984228134155e-01 -4.363391399383544922e-01 -1.265788793563842773e+00
-1.317878365516662598e-01 -4.360012710094451904e-01 -1.265354871749877930e+00
-1.253677457571029663e-01 -4.342835545539855957e-01 -1.260879397392272949e+00
-1.196537613868713379e-01 -4.349630177021026611e-01 -1.263329863548278809e+00
-1.143329888582229614e-01 -4.372166991233825684e-01 -1.270324110984802246e+00
-1.083767041563987732e-01 -4.371539950370788574e-01 -1.270560026168823242e+00
-1.024225428700447083e-01 -4.370931386947631836e-01 -1.270771980285644531e+00
-9.646782279014587402e-02 -4.370222091674804688e-01 -1.270926237106323242e+00
-9.046465903520584106e-02 -4.367081820964813232e-01 -1.270346164703369141e+00
-8.521632105112075806e-02 -4.402496516704559326e-01 -1.280957818031311035e+00
-7.942049950361251831e-02 -4.412838518619537354e-01 -1.284252285957336426e+00
-7.360903918743133545e-02 -4.423930048942565918e-01 -1.287741661071777344e+00
-6.793053448200225830e-02 -4.445695281028747559e-01 -1.294316291809082031e+00
-6.198944523930549622e-02 -4.452847540378570557e-01 -1.296614885330200195e+00
-5.589555203914642334e-02 -4.449383020401000977e-01 -1.295799970626831055e+00
-4.981970787048339844e-02 -4.446688890457153320e-01 -1.295187592506408691e+00
-4.397519677877426147e-02 -4.466749727725982666e-01 -1.301182389259338379e+00
-3.794986754655838013e-02 -4.471926689147949219e-01 -1.302821516990661621e+00
-3.189028427004814148e-02 -4.474270939826965332e-01 -1.303615689277648926e+00
-2.197145372629165649e-01 -4.400493204593658447e-01 -1.244843602180480957e+00
-2.140935361385345459e-01 -4.406215846538543701e-01 -1.247715473175048828e+00
-2.090452462434768677e-01 -4.424385130405426025e-01 -1.254058122634887695e+00
-2.043866962194442749e-01 -4.452105164527893066e-01 -1.263061761856079102e+00
-1.982638388872146606e-01 -4.448636770248413086e-01 -1.263166666030883789e+00
-1.917361319065093994e-01 -4.435586631298065186e-01 -1.260492563247680664e+00
-1.853439807891845703e-01 -4.424938559532165527e-01 -1.258442759513854980e+00
-1.794803887605667114e-01 -4.426621794700622559e-01 -1.259847521781921387e+00
-1.731651127338409424e-01 -4.416899383068084717e-01 -1.257955551147460938e+00
-1.670533567667007446e-01 -4.411863386631011963e-01 -1.257348656654357910e+00
-1.609451770782470703e-01 -4.406556189060211182e-01 -1.256617426872253418e+00
-1.551760286092758179e-01 -4.410480260848999023e-01 -1.258474826812744141e+00
-1.490962952375411987e-01 -4.405537545680999756e-01 -1.257760524749755859e+00
-1.431286484003067017e-01 -4.403635859489440918e-01 -1.257873058319091797e+00
-1.373406797647476196e-01 -4.407336711883544922e-01 -1.259547710418701172e+00
-1.314287632703781128e-01 -4.407214224338531494e-01 -1.260092854499816895e+00
-1.254297643899917603e-01 -4.404022097587585449e-01 -1.259724259376525879e+00
-1.194975972175598145e-01 -4.402976930141448975e-01 -1.259935021400451660e+00
-1.139183491468429565e-01 -4.415503144264221191e-01 -1.263997435569763184e+00
-1.082999557256698608e-01 -4.427801668643951416e-01 -1.267965316772460938e+00
-1.024375259876251221e-01 -4.430970549583435059e-01 -1.269289731979370117e+00
-9.651551395654678345e-02 -4.431793093681335449e-01 -1.269912719726562500e+00
-9.059296548366546631e-02 -4.432697892189025879e-01 -1.270530700683593750e+00
-8.465489000082015991e-02 -4.432916939258575439e-01 -1.270924806594848633e+00
-7.920132577419281006e-02 -4.460455179214477539e-01 -1.279126524925231934e+00
-7.333634793758392334e-02 -4.467429518699645996e-01 -1.281407475471496582e+00
-6.757937371730804443e-02 -4.482808113098144531e-01 -1.286075353622436523e+00
-6.176628917455673218e-02 -4.497103393077850342e-01 -1.290409326553344727e+00
-5.577484518289566040e-02 -4.500100612640380859e-01 -1.291478633880615234e+00
-4.981972277164459229e-02 -4.507110416889190674e-01 -1.293676733970642090e+00
-4.391784593462944031e-02 -4.521538019180297852e-01 -1.297981858253479004e+00
-3.782645240426063538e-02 -4.517948627471923828e-01 -1.297093391418457031e+00
-1.958735138177871704e-01 -4.453919529914855957e-01 -1.245511889457702637e+00
-1.902227550745010376e-01 -4.459568262100219727e-01 -1.248164653778076172e+00
-1.844821721315383911e-01 -4.463406205177307129e-01 -1.250259280204772949e+00
-1.786195486783981323e-01 -4.464447200298309326e-01 -1.251519799232482910e+00
-1.720085889101028442e-01 -4.446215331554412842e-01 -1.247324228286743164e+00
-1.662381738424301147e-01 -4.449189007282257080e-01 -1.249026298522949219e+00
-1.605956703424453735e-01 -4.455930292606353760e-01 -1.251741528511047363e+00
-1.549111455678939819e-01 -4.461975097656250000e-01 -1.254218697547912598e+00
-1.487790197134017944e-01 -4.455095529556274414e-01 -1.253019690513610840e+00
-1.430711150169372559e-01 -4.460874795913696289e-01 -1.255339264869689941e+00
-1.373191922903060913e-01 -4.465720355510711670e-01 -1.257357716560363770e+00
-1.313274502754211426e-01 -4.462851881980895996e-01 -1.257165670394897461e+00
-1.252429336309432983e-01 -4.456412494182586670e-01 -1.255929470062255859e+00
-1.194864213466644287e-01 -4.461584389209747314e-01 -1.257929563522338867e+00
-1.137194335460662842e-01 -4.466881752014160156e-01 -1.259931564331054688e+00
-1.079844534397125244e-01 -4.474086463451385498e-01 -1.262439727783203125e+00
-1.022859513759613037e-01 -4.483725428581237793e-01 -1.265604019165039062e+00
-9.653392434120178223e-02 -4.492060840129852295e-01 -1.268370985984802246e+00
-9.052105247974395752e-02 -4.488554894924163818e-01 -1.267764925956726074e+00
-8.461358398199081421e-02 -4.490149915218353271e-01 -1.268570184707641602e+00
-7.863228023052215576e-02 -4.487772583961486816e-01 -1.268224716186523438e+00
-7.300347089767456055e-02 -4.506767392158508301e-01 -1.273892879486083984e+00
-6.711778789758682251e-02 -4.511872828006744385e-01 -1.275609850883483887e+00
-6.149545311927795410e-02 -4.537405967712402344e-01 -1.283077955245971680e+00
-5.546642839908599854e-02 -4.535208940505981445e-01 -1.282680630683898926e+00
-4.794780910015106201e-02 -4.395911693572998047e-01 -1.243476629257202148e+00
-1.809264570474624634e-01 -4.435283243656158447e-01 -1.223729252815246582e+00
-1.760473400354385376e-01 -4.458363056182861328e-01 -1.231098890304565430e+00
-1.710924357175827026e-01 -4.481036365032196045e-01 -1.238315939903259277e+00
-1.654870957136154175e-01 -4.487676322460174561e-01 -1.241059303283691406e+00
-1.603126823902130127e-01 -4.506918191909790039e-01 -1.247245430946350098e+00
-1.543851345777511597e-01 -4.505647718906402588e-01 -1.247712016105651855e+00
-1.487164199352264404e-01 -4.512128531932830811e-01 -1.250281810760498047e+00
-1.430778205394744873e-01 -4.520096182823181152e-01 -1.253222823143005371e+00
-1.377088129520416260e-01 -4.537632167339324951e-01 -1.258779287338256836e+00
-1.316367238759994507e-01 -4.532536268234252930e-01 -1.258018970489501953e+00
-1.255115121603012085e-01 -4.525045752525329590e-01 -1.256553530693054199e+00
-1.194420903921127319e-01 -4.518925547599792480e-01 -1.255429506301879883e+00
-1.137925460934638977e-01 -4.528880119323730469e-01 -1.258735418319702148e+00
-1.078071296215057373e-01 -4.525825977325439453e-01 -1.258391737937927246e+00
-1.016262546181678772e-01 -4.513736367225646973e-01 -1.255500435829162598e+00
-9.590011090040206909e-02 -4.521598517894744873e-01 -1.258125662803649902e+00
-9.058658778667449951e-02 -4.551222324371337891e-01 -1.266777992248535156e+00
-8.440262079238891602e-02 -4.538203477859497070e-01 -1.263531923294067383e+00
-7.844851911067962646e-02 -4.536511600017547607e-01 -1.263408541679382324e+00
-7.256875932216644287e-02 -4.539192616939544678e-01 -1.264474272727966309e+00
-6.664104014635086060e-02 -4.539084434509277344e-01 -1.264734983444213867e+00
-1.581708788871765137e-01 -4.504759013652801514e-01 -1.228173255920410156e+00
-1.531002074480056763e-01 -4.526481628417968750e-01 -1.234948873519897461e+00
-1.493513137102127075e-01 -4.590551555156707764e-01 -1.253247976303100586e+00
-1.330766826868057251e-01 -4.641938805580139160e-01 -1.269497275352478027e+00
-1.262656748294830322e-01 -4.611666798591613770e-01 -1.261870622634887695e+00
-1.198290511965751648e-01 -4.592753350734710693e-01 -1.257305979728698730e+00
-1.139105260372161865e-01 -4.592764079570770264e-01 -1.257881760597229004e+00
-1.076595634222030640e-01 -4.578637182712554932e-01 -1.254547357559204102e+00
-1.011047735810279846e-01 -4.549201428890228271e-01 -1.246978282928466797e+00
-9.514794498682022095e-02 -4.544703066349029541e-01 -1.246206998825073242e+00
-8.883411437273025513e-02 -4.521444737911224365e-01 -1.240255951881408691e+00
-8.314985036849975586e-02 -4.529213011264801025e-01 -1.242782473564147949e+00
