1.406805962324142456e-02 2.982919216156005859e-01 -1.101857662200927734e+00
1.927044615149497986e-02 2.997693419456481934e-01 -1.107325792312622070e+00
2.450060285627841949e-02 3.009664118289947510e-01 -1.111761331558227539e+00
1.174387708306312561e-01 3.014296889305114746e-01 -1.113635301589965820e+00
1.221905425190925598e-01 3.004231750965118408e-01 -1.109869122505187988e+00
8.955286815762519836e-03 2.930091023445129395e-01 -1.100962638854980469e+00
1.410266943275928497e-02 2.939057946205139160e-01 -1.104342222213745117e+00
1.922069862484931946e-02 2.938760221004486084e-01 -1.104244828224182129e+00
2.423684857785701752e-02 2.926287055015563965e-01 -1.099576711654663086e+00
2.922991849482059479e-02 2.915846705436706543e-01 -1.095676064491271973e+00
3.424855694174766541e-02 2.910670936107635498e-01 -1.093757033348083496e+00
3.925702720880508423e-02 2.906076908111572266e-01 -1.092059731483459473e+00
4.432041570544242859e-02 2.906133830547332764e-01 -1.092112779617309570e+00
4.937169700860977173e-02 2.905466556549072266e-01 -1.091895818710327148e+00
5.435245856642723083e-02 2.901159226894378662e-01 -1.090312361717224121e+00
5.940429121255874634e-02 2.901055812835693359e-01 -1.090309858322143555e+00
6.440529227256774902e-02 2.898680269718170166e-01 -1.089453816413879395e+00
6.939768046140670776e-02 2.896291315555572510e-01 -1.088592052459716797e+00
7.440311461687088013e-02 2.894733250141143799e-01 -1.088041424751281738e+00
7.946053892374038696e-02 2.895267903804779053e-01 -1.088275194168090820e+00
8.472198247909545898e-02 2.902728021144866943e-01 -1.091109514236450195e+00
8.999130129814147949e-02 2.909603118896484375e-01 -1.093719840049743652e+00
9.506773203611373901e-02 2.909840643405914307e-01 -1.093830347061157227e+00
1.000579074025154114e-01 2.907548248767852783e-01 -1.092983603477478027e+00
1.050646454095840454e-01 2.905934154987335205e-01 -1.092384934425354004e+00
1.100284606218338013e-01 2.903335988521575928e-01 -1.091407895088195801e+00
1.164605021476745605e-01 2.938005924224853516e-01 -1.104430794715881348e+00
1.217909455299377441e-01 2.943136394023895264e-01 -1.106338262557983398e+00
1.267907917499542236e-01 2.940185964107513428e-01 -1.105195999145507812e+00
1.295199543237686157e-01 2.886853218078613281e-01 -1.085102558135986328e+00
9.013851173222064972e-03 2.897875308990478516e-01 -1.107868552207946777e+00
1.411644276231527328e-02 2.890678644180297852e-01 -1.105130076408386230e+00
1.919456012547016144e-02 2.883638739585876465e-01 -1.102457165718078613e+00
2.421725541353225708e-02 2.872985303401947021e-01 -1.098407864570617676e+00
2.920336462557315826e-02 2.862448692321777344e-01 -1.094407916069030762e+00
3.422960638999938965e-02 2.858383059501647949e-01 -1.092886805534362793e+00
3.924841806292533875e-02 2.854825258255004883e-01 -1.091564059257507324e+00
4.424311220645904541e-02 2.850527167320251465e-01 -1.089961767196655273e+00
4.923927038908004761e-02 2.847194671630859375e-01 -1.088732004165649414e+00
5.413636192679405212e-02 2.839286327362060547e-01 -1.085754990577697754e+00
5.927960574626922607e-02 2.844534814357757568e-01 -1.087811470031738281e+00
6.421782821416854858e-02 2.839893996715545654e-01 -1.086087346076965332e+00
6.926749646663665771e-02 2.840497791767120361e-01 -1.086369633674621582e+00
7.431369274854660034e-02 2.840887308120727539e-01 -1.086569905281066895e+00
7.938504219055175781e-02 2.842127978801727295e-01 -1.087094783782958984e+00
8.469419926404953003e-02 2.851226031780242920e-01 -1.090623378753662109e+00
8.989451080560684204e-02 2.855841219425201416e-01 -1.092434644699096680e+00
9.485457837581634521e-02 2.852739393711090088e-01 -1.091289877891540527e+00
9.998560696840286255e-02 2.854832708835601807e-01 -1.092127680778503418e+00
1.050678193569183350e-01 2.855397760868072510e-01 -1.092374801635742188e+00
1.102982833981513977e-01 2.859754264354705811e-01 -1.094065189361572266e+00
1.157498210668563843e-01 2.869208455085754395e-01 -1.097697138786315918e+00
1.218627244234085083e-01 2.893570065498352051e-01 -1.107022762298583984e+00
1.272519826889038086e-01 2.899474799633026123e-01 -1.109275937080383301e+00
1.312263458967208862e-01 2.873934209346771240e-01 -1.099486112594604492e+00
3.884437261149287224e-03 2.852609455585479736e-01 -1.109882116317749023e+00
9.027937427163124084e-03 2.850946485996246338e-01 -1.109243869781494141e+00
1.416932698339223862e-02 2.850066125392913818e-01 -1.108916997909545898e+00
1.921725459396839142e-02 2.835862636566162109e-01 -1.103412985801696777e+00
2.416311576962471008e-02 2.815740406513214111e-01 -1.095612168312072754e+00
2.915120497345924377e-02 2.806677520275115967e-01 -1.092120289802551270e+00
3.416883945465087891e-02 2.802721261978149414e-01 -1.090621352195739746e+00
3.918278589844703674e-02 2.799522578716278076e-01 -1.089422464370727539e+00
4.422681033611297607e-02 2.798957526683807373e-01 -1.089253425598144531e+00
4.916717857122421265e-02 2.792620956897735596e-01 -1.086842656135559082e+00
5.410423874855041504e-02 2.787292897701263428e-01 -1.084827780723571777e+00
5.900858715176582336e-02 2.781328856945037842e-01 -1.082568645477294922e+00
6.409519165754318237e-02 2.784217000007629395e-01 -1.083757519721984863e+00
6.913684308528900146e-02 2.784875035285949707e-01 -1.084079980850219727e+00
7.420062273740768433e-02 2.786274552345275879e-01 -1.084692239761352539e+00
7.932344079017639160e-02 2.789572477340698242e-01 -1.086043715476989746e+00
8.456383645534515381e-02 2.796364724636077881e-01 -1.088755249977111816e+00
8.961313217878341675e-02 2.796428501605987549e-01 -1.088845372200012207e+00
9.469091892242431641e-02 2.797327339649200439e-01 -1.089257717132568359e+00
9.975132346153259277e-02 2.797647714614868164e-01 -1.089441061019897461e+00
1.050741523504257202e-01 2.804942429065704346e-01 -1.092335343360900879e+00
1.103938445448875427e-01 2.811486721038818359e-01 -1.094931364059448242e+00
1.160947009921073914e-01 2.826736569404602051e-01 -1.100910663604736328e+00
1.215377748012542725e-01 2.834689915180206299e-01 -1.104039669036865234e+00
1.275548487901687622e-01 2.854847609996795654e-01 -1.111912012100219727e+00
1.328706145286560059e-01 2.858353257179260254e-01 -1.113287091255187988e+00
3.883759723976254463e-03 2.800633311271667480e-01 -1.109271883964538574e+00
9.052715264260768890e-03 2.807172238826751709e-01 -1.111872076988220215e+00
1.415912713855504990e-02 2.796609699726104736e-01 -1.107706785202026367e+00
1.921112276613712311e-02 2.783789038658142090e-01 -1.102654695510864258e+00
2.419593185186386108e-02 2.768673300743103027e-01 -1.096701025962829590e+00
2.916887402534484863e-02 2.757689356803894043e-01 -1.092391014099121094e+00
3.419648110866546631e-02 2.754360437393188477e-01 -1.091120123863220215e+00
3.920057788491249084e-02 2.750241160392761230e-01 -1.089542508125305176e+00
4.416311159729957581e-02 2.744479775428771973e-01 -1.087320327758789062e+00
4.914291575551033020e-02 2.740863263607025146e-01 -1.085953235626220703e+00
5.397067591547966003e-02 2.730227410793304443e-01 -1.081809639930725098e+00
5.902804806828498840e-02 2.732028663158416748e-01 -1.082598328590393066e+00
6.407312303781509399e-02 2.733022868633270264e-01 -1.083070755004882812e+00
6.912818551063537598e-02 2.734267711639404297e-01 -1.083645582199096680e+00
7.412006705999374390e-02 2.733013927936553955e-01 -1.083232283592224121e+00
7.917322218418121338e-02 2.734035253524780273e-01 -1.083721756935119629e+00
8.420652151107788086e-02 2.734290063381195068e-01 -1.083907842636108398e+00
8.934568613767623901e-02 2.737759947776794434e-01 -1.085367679595947266e+00
9.442048519849777222e-02 2.738992869853973389e-01 -1.085939049720764160e+00
9.967714548110961914e-02 2.745109200477600098e-01 -1.088444113731384277e+00
1.049938052892684937e-01 2.752209007740020752e-01 -1.091335535049438477e+00
1.105489134788513184e-01 2.764618992805480957e-01 -1.096327781677246094e+00
1.159680336713790894e-01 2.772687375545501709e-01 -1.099592208862304688e+00
1.212427541613578796e-01 2.776768803596496582e-01 -1.101268172264099121e+00
1.267752647399902344e-01 2.786186039447784424e-01 -1.105051159858703613e+00
1.323353350162506104e-01 2.795454859733581543e-01 -1.108764886856079102e+00
1.356792300939559937e-01 2.758965492248535156e-01 -1.094317078590393066e+00
-1.251374720595777035e-03 2.721460163593292236e-01 -1.097626686096191406e+00
3.898279741406440735e-03 2.759432494640350342e-01 -1.112944245338439941e+00
9.057504124939441681e-03 2.757030725479125977e-01 -1.111987233161926270e+00
1.414626277983188629e-02 2.742711007595062256e-01 -1.106232643127441406e+00
1.920071057975292206e-02 2.731138765811920166e-01 -1.101595044136047363e+00
2.422884479165077209e-02 2.721478939056396484e-01 -1.097737550735473633e+00
2.923522144556045532e-02 2.713157236576080322e-01 -1.094427824020385742e+00
3.424286469817161560e-02 2.707399725914001465e-01 -1.092160463333129883e+00
3.920376673340797424e-02 2.699908316135406494e-01 -1.089200973510742188e+00
4.413818567991256714e-02 2.692512571811676025e-01 -1.086287260055541992e+00
4.902954399585723877e-02 2.684275805950164795e-01 -1.083040237426757812e+00
5.403348430991172791e-02 2.683161497116088867e-01 -1.082672953605651855e+00
5.906371772289276123e-02 2.683431208133697510e-01 -1.082869410514831543e+00
6.414823979139328003e-02 2.685932219028472900e-01 -1.083971142768859863e+00
6.908909231424331665e-02 2.682490944862365723e-01 -1.082678794860839844e+00
7.406666874885559082e-02 2.680845260620117188e-01 -1.082114100456237793e+00
7.904659211635589600e-02 2.679488062858581543e-01 -1.081667900085449219e+00
8.405339717864990234e-02 2.679149806499481201e-01 -1.081634402275085449e+00
8.910313248634338379e-02 2.680140733718872070e-01 -1.082137823104858398e+00
9.430217742919921875e-02 2.685278058052062988e-01 -1.084314823150634766e+00
9.963286668062210083e-02 2.693454325199127197e-01 -1.087717652320861816e+00
1.049453839659690857e-01 2.700374424457550049e-01 -1.090610861778259277e+00
1.104191616177558899e-01 2.710617482662200928e-01 -1.094842433929443359e+00
1.158877164125442505e-01 2.719837129116058350e-01 -1.098655939102172852e+00
1.212443411350250244e-01 2.725764513015747070e-01 -1.101133108139038086e+00
1.266952306032180786e-01 2.733246684074401855e-01 -1.104230403900146484e+00
1.327350586652755737e-01 2.752359807491302490e-01 -1.112017631530761719e+00
1.372236311435699463e-01 2.739079594612121582e-01 -1.106706261634826660e+00
-1.263403333723545074e-03 2.696169614791870117e-01 -1.107650756835937500e+00
3.903251141309738159e-03 2.711214423179626465e-01 -1.113834261894226074e+00
9.056271053850650787e-03 2.705036103725433350e-01 -1.111309170722961426e+00
1.414078380912542343e-02 2.690310478210449219e-01 -1.105283021926879883e+00
1.920956373214721680e-02 2.681232988834381104e-01 -1.101587414741516113e+00
2.424833737313747406e-02 2.672666907310485840e-01 -1.098111629486083984e+00
2.923787944018840790e-02 2.662594616413116455e-01 -1.094026327133178711e+00
3.418953344225883484e-02 2.652565538883209229e-01 -1.089967608451843262e+00
3.917728364467620850e-02 2.647562325000762939e-01 -1.087982773780822754e+00
4.417016357183456421e-02 2.644008994102478027e-01 -1.086601734161376953e+00
4.909196123480796814e-02 2.637365162372589111e-01 -1.083958268165588379e+00
5.402254313230514526e-02 2.632385492324829102e-01 -1.082005381584167480e+00
5.910651385784149170e-02 2.635091245174407959e-01 -1.083218097686767578e+00
6.417969614267349243e-02 2.636929750442504883e-01 -1.084080219268798828e+00
6.907103955745697021e-02 2.631572782993316650e-01 -1.081989049911499023e+00
7.395236939191818237e-02 2.626586258411407471e-01 -1.080054044723510742e+00
7.906711101531982422e-02 2.629996538162231445e-01 -1.081575155258178711e+00
8.422090858221054077e-02 2.634221315383911133e-01 -1.083433866500854492e+00
8.912141621112823486e-02 2.630494236946105957e-01 -1.082023382186889648e+00
9.417398273944854736e-02 2.631413340568542480e-01 -1.082524180412292480e+00
9.951100498437881470e-02 2.639785706996917725e-01 -1.086090683937072754e+00
1.051323190331459045e-01 2.654529213905334473e-01 -1.092277765274047852e+00
1.104058921337127686e-01 2.659540474414825439e-01 -1.094457745552062988e+00
1.157819852232933044e-01 2.666472494602203369e-01 -1.097424149513244629e+00
1.212195903062820435e-01 2.674177885055541992e-01 -1.100703716278076172e+00
1.268586069345474243e-01 2.685524523258209229e-01 -1.105475425720214844e+00
1.327368617057800293e-01 2.700857520103454590e-01 -1.111880302429199219e+00
1.379673779010772705e-01 2.702357470989227295e-01 -1.112580776214599609e+00
1.421787738800048828e-01 2.684507071971893311e-01 -1.105302095413208008e+00
-1.268833759240806103e-03 2.656087577342987061e-01 -1.111831426620483398e+00
3.901606658473610878e-03 2.658357024192810059e-01 -1.112784385681152344e+00
9.030622430145740509e-03 2.645902037620544434e-01 -1.107585549354553223e+00
1.414913404732942581e-02 2.640530765056610107e-01 -1.105363368988037109e+00
1.924882270395755768e-02 2.635443508625030518e-01 -1.103271365165710449e+00
2.429326251149177551e-02 2.626522779464721680e-01 -1.099585533142089844e+00
2.924665436148643494e-02 2.612569332122802734e-01 -1.093803167343139648e+00
3.415880724787712097e-02 2.599609196186065674e-01 -1.088446378707885742e+00
3.914482519030570984e-02 2.594887912273406982e-01 -1.086548805236816406e+00
4.415390267968177795e-02 2.592599391937255859e-01 -1.085679173469543457e+00
4.920180141925811768e-02 2.592826187610626221e-01 -1.085871577262878418e+00
5.404665693640708923e-02 2.583305239677429199e-01 -1.081989765167236328e+00
5.915372073650360107e-02 2.586871385574340820e-01 -1.083596587181091309e+00
6.422460079193115234e-02 2.588419914245605469e-01 -1.084365487098693848e+00
6.915044784545898438e-02 2.584322988986968994e-01 -1.082775354385375977e+00
7.408438622951507568e-02 2.581063210964202881e-01 -1.081540822982788086e+00
7.915814220905303955e-02 2.582779228687286377e-01 -1.082395792007446289e+00
8.423576503992080688e-02 2.584409415721893311e-01 -1.083218097686767578e+00
8.935198932886123657e-02 2.586973607540130615e-01 -1.084434509277343750e+00
9.435205906629562378e-02 2.586080133914947510e-01 -1.084203004837036133e+00
9.960698336362838745e-02 2.591909170150756836e-01 -1.086790323257446289e+00
1.050381660461425781e-01 2.601542174816131592e-01 -1.090972423553466797e+00
1.103156954050064087e-01 2.606658339500427246e-01 -1.093259096145629883e+00
1.155908405780792236e-01 2.611271142959594727e-01 -1.095331549644470215e+00
1.211608350276947021e-01 2.621876001358032227e-01 -1.099913239479064941e+00
1.262455433607101440e-01 2.621546983718872070e-01 -1.099902272224426270e+00
1.322104930877685547e-01 2.638812363147735596e-01 -1.107266187667846680e+00
1.377998888492584229e-01 2.647571563720703125e-01 -1.111052632331848145e+00
1.436957865953445435e-01 2.661376297473907471e-01 -1.116946339607238770e+00
-6.454044952988624573e-03 2.611741423606872559e-01 -1.114337563514709473e+00
-1.271434826776385307e-03 2.609755396842956543e-01 -1.113480448722839355e+00
3.889914369210600853e-03 2.598830163478851318e-01 -1.108822345733642578e+00
9.038724936544895172e-03 2.596757411956787109e-01 -1.107954144477844238e+00
1.416394393891096115e-02 2.591872215270996094e-01 -1.105898618698120117e+00
1.927842013537883759e-02 2.588147222995758057e-01 -1.104350805282592773e+00
2.433665655553340912e-02 2.580027282238006592e-01 -1.100939631462097168e+00
2.930585853755474091e-02 2.566930353641510010e-01 -1.095416545867919922e+00
3.416692838072776794e-02 2.549642920494079590e-01 -1.088115572929382324e+00
3.916700556874275208e-02 2.545849084854125977e-01 -1.086584091186523438e+00
4.407649487257003784e-02 2.537706792354583740e-01 -1.083206534385681152e+00
4.901761934161186218e-02 2.532868385314941406e-01 -1.081248879432678223e+00
5.415709689259529114e-02 2.538226246833801270e-01 -1.083653330802917480e+00
5.924662202596664429e-02 2.540530562400817871e-01 -1.084763050079345703e+00
6.424683332443237305e-02 2.538943588733673096e-01 -1.084219574928283691e+00
6.920138001441955566e-02 2.535914480686187744e-01 -1.083067059516906738e+00
7.424626499414443970e-02 2.536382079124450684e-01 -1.083414077758789062e+00
7.932465523481369019e-02 2.537862062454223633e-01 -1.084199190139770508e+00
8.440050482749938965e-02 2.539088726043701172e-01 -1.084880709648132324e+00
8.954748511314392090e-02 2.542196810245513916e-01 -1.086369633674621582e+00
9.463490545749664307e-02 2.543372809886932373e-01 -1.087035417556762695e+00
9.966216236352920532e-02 2.542894780635833740e-01 -1.086995601654052734e+00
1.048282086849212646e-01 2.545832693576812744e-01 -1.088416337966918945e+00
1.101133003830909729e-01 2.551259398460388184e-01 -1.090900063514709473e+00
1.155601143836975098e-01 2.559791505336761475e-01 -1.094709992408752441e+00
1.207281723618507385e-01 2.561690211296081543e-01 -1.095679759979248047e+00
1.258521825075149536e-01 2.562538683414459229e-01 -1.096195220947265625e+00
1.318627446889877319e-01 2.580671608448028564e-01 -1.104098796844482422e+00
1.383221000432968140e-01 2.605904340744018555e-01 -1.115033864974975586e+00
1.444106549024581909e-01 2.622584700584411621e-01 -1.122301578521728516e+00
-6.465494167059659958e-03 2.564466297626495361e-01 -1.115636944770812988e+00
-1.277087489143013954e-03 2.569350600242614746e-01 -1.117751240730285645e+00
3.911897074431180954e-03 2.561665177345275879e-01 -1.114411473274230957e+00
9.053071029484272003e-03 2.549277842044830322e-01 -1.109040141105651855e+00
1.417680829763412476e-02 2.542757391929626465e-01 -1.106235027313232422e+00
1.926790364086627960e-02 2.535415291786193848e-01 -1.103085994720458984e+00
2.426039986312389374e-02 2.520915865898132324e-01 -1.096836209297180176e+00
2.921481616795063019e-02 2.508186995983123779e-01 -1.091369032859802246e+00
3.425149247050285339e-02 2.505243718624114990e-01 -1.090172052383422852e+00
3.919647261500358582e-02 2.497217357158660889e-01 -1.086775302886962891e+00
4.406265169382095337e-02 2.486577928066253662e-01 -1.082252025604248047e+00
4.907019808888435364e-02 2.485279887914657593e-01 -1.081805109977722168e+00
5.424544215202331543e-02 2.491926848888397217e-01 -1.084827423095703125e+00
5.929626151919364929e-02 2.492213100194931030e-01 -1.085090875625610352e+00
6.427720189094543457e-02 2.489748001098632812e-01 -1.084165334701538086e+00
6.924421340227127075e-02 2.487141042947769165e-01 -1.083185911178588867e+00
7.425493001937866211e-02 2.486350685358047485e-01 -1.083004832267761230e+00
7.933189719915390015e-02 2.487738281488418579e-01 -1.083778977394104004e+00
8.446875959634780884e-02 2.490726411342620850e-01 -1.085255980491638184e+00
8.959086239337921143e-02 2.492967247962951660e-01 -1.086412310600280762e+00
9.463093429803848267e-02 2.492808103561401367e-01 -1.086526155471801758e+00
9.963779151439666748e-02 2.491834461688995361e-01 -1.086287021636962891e+00
1.048229038715362549e-01 2.495197802782058716e-01 -1.087939739227294922e+00
1.102237477898597717e-01 2.503151297569274902e-01 -1.091594099998474121e+00
1.155814230442047119e-01 2.509468495845794678e-01 -1.094534516334533691e+00
1.207844316959381104e-01 2.512036561965942383e-01 -1.095837473869323730e+00
1.259776651859283447e-01 2.514202594757080078e-01 -1.096960544586181641e+00
1.313729137182235718e-01 2.520075440406799316e-01 -1.099695682525634766e+00
1.387826651334762573e-01 2.562708258628845215e-01 -1.118467688560485840e+00
1.439325362443923950e-01 2.562042474746704102e-01 -1.118335843086242676e+00
1.485596895217895508e-01 2.552442252635955811e-01 -1.114292621612548828e+00
-1.158670429140329361e-02 2.497550398111343384e-01 -1.108282923698425293e+00
-6.489455234259366989e-03 2.521869540214538574e-01 -1.119047522544860840e+00
-1.280373195186257362e-03 2.523820102214813232e-01 -1.119901657104492188e+00
3.919046837836503983e-03 2.514400482177734375e-01 -1.115725874900817871e+00
9.067854844033718109e-03 2.501755654811859131e-01 -1.110134005546569824e+00
1.419409643858671188e-02 2.494326382875442505e-01 -1.106871485710144043e+00
1.925433613359928131e-02 2.482345700263977051e-01 -1.101603865623474121e+00
2.425395883619785309e-02 2.469233423471450806e-01 -1.095848321914672852e+00
2.931067347526550293e-02 2.465480864048004150e-01 -1.094260454177856445e+00
3.428538516163825989e-02 2.456962764263153076e-01 -1.090570807456970215e+00
3.919628262519836426e-02 2.446658611297607422e-01 -1.086101055145263672e+00
4.422783479094505310e-02 2.445379197597503662e-01 -1.085649847984313965e+00
4.923003911972045898e-02 2.442906051874160767e-01 -1.084680795669555664e+00
5.420906841754913330e-02 2.439849525690078735e-01 -1.083463907241821289e+00
5.930422991514205933e-02 2.442095279693603516e-01 -1.084612607955932617e+00
6.429032236337661743e-02 2.439849972724914551e-01 -1.083776712417602539e+00
6.917940080165863037e-02 2.434516847133636475e-01 -1.081578016281127930e+00
7.415490597486495972e-02 2.432742118835449219e-01 -1.080968141555786133e+00
7.928016036748886108e-02 2.435793429613113403e-01 -1.082510232925415039e+00
8.439461141824722290e-02 2.438168376684188843e-01 -1.083758592605590820e+00
8.954681456089019775e-02 2.441305071115493774e-01 -1.085351347923278809e+00
9.444197267293930054e-02 2.437473237514495850e-01 -1.083850264549255371e+00
9.957151859998703003e-02 2.439772337675094604e-01 -1.085078358650207520e+00
1.048810184001922607e-01 2.446046918630599976e-01 -1.088077187538146973e+00
1.103545874357223511e-01 2.455395162105560303e-01 -1.092445135116577148e+00
1.156995743513107300e-01 2.461186498403549194e-01 -1.095231175422668457e+00
1.207663714885711670e-01 2.460821568965911865e-01 -1.095275998115539551e+00
1.261367499828338623e-01 2.466422319412231445e-01 -1.097972869873046875e+00
1.318440437316894531e-01 2.477920204401016235e-01 -1.103291273117065430e+00
1.384987235069274902e-01 2.505698502063751221e-01 -1.115854978561401367e+00
1.441585719585418701e-01 2.514125108718872070e-01 -1.119795322418212891e+00
1.487670838832855225e-01 2.504268288612365723e-01 -1.115582108497619629e+00
-1.159491483122110367e-02 2.447685450315475464e-01 -1.108311653137207031e+00
-6.503043696284294128e-03 2.474940419197082520e-01 -1.120623826980590820e+00
-1.277424162253737450e-03 2.465986311435699463e-01 -1.116557240486145020e+00
3.906240221112966537e-03 2.454407513141632080e-01 -1.111318707466125488e+00
9.057598188519477844e-03 2.447299063205718994e-01 -1.108120679855346680e+00
1.418405864387750626e-02 2.441067248582839966e-01 -1.105335712432861328e+00
1.929286308586597443e-02 2.435926049947738647e-01 -1.103060603141784668e+00
2.427311986684799194e-02 2.420130670070648193e-01 -1.095976114273071289e+00
2.926008030772209167e-02 2.410377264022827148e-01 -1.091642498970031738e+00
3.423069790005683899e-02 2.402364909648895264e-01 -1.088111758232116699e+00
3.925857692956924438e-02 2.399919629096984863e-01 -1.087116599082946777e+00
4.426883533596992493e-02 2.397078722715377808e-01 -1.085955858230590820e+00
4.927560687065124512e-02 2.394650876522064209e-01 -1.084995388984680176e+00
5.423038825392723083e-02 2.390383183956146240e-01 -1.083213329315185547e+00
5.924001708626747131e-02 2.389053255319595337e-01 -1.082774519920349121e+00
6.427372246980667114e-02 2.388826906681060791e-01 -1.082846641540527344e+00
6.917713582515716553e-02 2.384142726659774780e-01 -1.080908179283142090e+00
7.413054257631301880e-02 2.381699830293655396e-01 -1.079994797706604004e+00
7.919119298458099365e-02 2.382794022560119629e-01 -1.080693483352661133e+00
8.448239415884017944e-02 2.390280663967132568e-01 -1.084299802780151367e+00
8.949498832225799561e-02 2.389485090970993042e-01 -1.084155797958374023e+00
9.443940222263336182e-02 2.387051135301589966e-01 -1.083273530006408691e+00
9.950161725282669067e-02 2.387690246105194092e-01 -1.083789825439453125e+00
1.049170792102813721e-01 2.396336346864700317e-01 -1.087944030761718750e+00
1.101919934153556824e-01 2.401124686002731323e-01 -1.090349793434143066e+00
1.156140714883804321e-01 2.408558279275894165e-01 -1.093958020210266113e+00
1.210427060723304749e-01 2.415496706962585449e-01 -1.097341418266296387e+00
1.255598068237304688e-01 2.404418736696243286e-01 -1.092537283897399902e+00
1.315407454967498779e-01 2.421144843101501465e-01 -1.100363135337829590e+00
1.375700533390045166e-01 2.437477707862854004e-01 -1.108007431030273438e+00
1.439018398523330688e-01 2.457799762487411499e-01 -1.117461085319519043e+00
1.500691175460815430e-01 2.473995983600616455e-01 -1.125032782554626465e+00
1.524469405412673950e-01 2.428731769323348999e-01 -1.104642629623413086e+00
-1.670719869434833527e-02 2.388729751110076904e-01 -1.104180693626403809e+00
-1.167793571949005127e-02 2.413206249475479126e-01 -1.115446448326110840e+00
-6.461400538682937622e-03 2.407216280698776245e-01 -1.112646937370300293e+00
-1.271718996576964855e-03 2.403184175491333008e-01 -1.110770106315612793e+00
3.902474185451865196e-03 2.400314509868621826e-01 -1.109448194503784180e+00
9.041680954396724701e-03 2.391462326049804688e-01 -1.105378627777099609e+00
1.417571492493152618e-02 2.388166189193725586e-01 -1.103894472122192383e+00
1.920433342456817627e-02 2.373597323894500732e-01 -1.097216606140136719e+00
2.423325367271900177e-02 2.365186214447021484e-01 -1.093401312828063965e+00
2.923545986413955688e-02 2.357544004917144775e-01 -1.089957714080810547e+00
3.424855694174766541e-02 2.352913320064544678e-01 -1.087921738624572754e+00
3.923892602324485779e-02 2.348116338253021240e-01 -1.085824251174926758e+00
4.427506774663925171e-02 2.346841841936111450e-01 -1.085370302200317383e+00
4.924944415688514709e-02 2.342890352010726929e-01 -1.083692431449890137e+00
5.425642058253288269e-02 2.341080307960510254e-01 -1.083018422126770020e+00
5.925085395574569702e-02 2.339083254337310791e-01 -1.082270622253417969e+00
6.426986306905746460e-02 2.338293045759201050e-01 -1.082093358039855957e+00
6.926383823156356812e-02 2.336773425340652466e-01 -1.081589818000793457e+00
7.422025501728057861e-02 2.334278672933578491e-01 -1.080644845962524414e+00
7.921607792377471924e-02 2.333260923624038696e-01 -1.080392837524414062e+00
8.436718583106994629e-02 2.336665689945220947e-01 -1.082197308540344238e+00
8.953074365854263306e-02 2.340012490749359131e-01 -1.083982944488525391e+00
9.454283118247985840e-02 2.339254617691040039e-01 -1.083873629570007324e+00
9.964890778064727783e-02 2.340781241655349731e-01 -1.084827899932861328e+00
1.049635410308837891e-01 2.346823513507843018e-01 -1.087879538536071777e+00
1.102301329374313354e-01 2.351285666227340698e-01 -1.090202093124389648e+00
1.154759600758552551e-01 2.354932427406311035e-01 -1.092148542404174805e+00
1.209945231676101685e-01 2.363599538803100586e-01 -1.096424460411071777e+00
1.262995749711990356e-01 2.367563992738723755e-01 -1.098518371582031250e+00
1.311977505683898926e-01 2.363889813423156738e-01 -1.097064614295959473e+00
1.370319277048110962e-01 2.376724779605865479e-01 -1.103268742561340332e+00
1.440145522356033325e-01 2.407836019992828369e-01 -1.117954611778259277e+00
1.498267501592636108e-01 2.417894750833511353e-01 -1.122861623764038086e+00
1.545661836862564087e-01 2.410547286272048950e-01 -1.119675397872924805e+00
-1.686681434512138367e-02 2.359582036733627319e-01 -1.113896250724792480e+00
-1.170151401311159134e-02 2.365969121456146240e-01 -1.116859674453735352e+00
-6.492353975772857666e-03 2.366624027490615845e-01 -1.117135882377624512e+00
-1.274235080927610397e-03 2.356047928333282471e-01 -1.112129569053649902e+00
3.899158909916877747e-03 2.346592545509338379e-01 -1.107671022415161133e+00
9.039489552378654480e-03 2.339359372854232788e-01 -1.104280233383178711e+00
1.413366105407476425e-02 2.329769283533096313e-01 -1.099795222282409668e+00
1.924945041537284851e-02 2.327902168035507202e-01 -1.098973870277404785e+00
2.426025271415710449e-02 2.316794544458389282e-01 -1.093807935714721680e+00
2.927567437291145325e-02 2.309911847114562988e-01 -1.090653777122497559e+00
3.424334153532981873e-02 2.301857322454452515e-01 -1.086962819099426270e+00
3.924706950783729553e-02 2.297991514205932617e-01 -1.085265874862670898e+00
4.421950131654739380e-02 2.293385565280914307e-01 -1.083235144615173340e+00
4.929739609360694885e-02 2.294633090496063232e-01 -1.083984375000000000e+00
5.431358143687248230e-02 2.293043434619903564e-01 -1.083408236503601074e+00
5.928352475166320801e-02 2.289937734603881836e-01 -1.082129478454589844e+00
6.433326750993728638e-02 2.290160059928894043e-01 -1.082436561584472656e+00
6.935170292854309082e-02 2.289316505193710327e-01 -1.082252144813537598e+00
7.426112145185470581e-02 2.285232543945312500e-01 -1.080546736717224121e+00
7.928602397441864014e-02 2.284995317459106445e-01 -1.080670356750488281e+00
8.440680801868438721e-02 2.287384569644927979e-01 -1.082045793533325195e+00
8.947183191776275635e-02 2.288078665733337402e-01 -1.082628011703491211e+00
9.460178762674331665e-02 2.290270775556564331e-01 -1.083926558494567871e+00
9.993110597133636475e-02 2.296823263168334961e-01 -1.087295651435852051e+00
1.050405949354171753e-01 2.297935038805007935e-01 -1.088094711303710938e+00
1.101926863193511963e-01 2.299833893775939941e-01 -1.089270114898681641e+00
1.156913712620735168e-01 2.308481782674789429e-01 -1.093645215034484863e+00
1.212212815880775452e-01 2.316998243331909180e-01 -1.097960829734802246e+00
1.263555139303207397e-01 2.317569255828857422e-01 -1.098511338233947754e+00
1.316933482885360718e-01 2.321685403585433960e-01 -1.100740194320678711e+00
1.373190879821777344e-01 2.330379486083984375e-01 -1.105137109756469727e+00
1.434282064437866211e-01 2.346355170011520386e-01 -1.112984061241149902e+00
1.494333148002624512e-01 2.359576970338821411e-01 -1.119520545005798340e+00
1.546025276184082031e-01 2.359155118465423584e-01 -1.119575858116149902e+00
1.586893349885940552e-01 2.342780083417892456e-01 -1.112047553062438965e+00
-1.697205007076263428e-02 2.322010844945907593e-01 -1.119973421096801758e+00
-1.173248793929815292e-02 2.319984585046768188e-01 -1.118940949440002441e+00
-6.490563042461872101e-03 2.313861548900604248e-01 -1.115952849388122559e+00
-1.275476650334894657e-03 2.306402027606964111e-01 -1.112340331077575684e+00
3.901219461113214493e-03 2.296122610569000244e-01 -1.107387781143188477e+00
9.018150158226490021e-03 2.282434999942779541e-01 -1.100811243057250977e+00
1.408448349684476852e-02 2.270529419183731079e-01 -1.095113515853881836e+00
1.920932158827781677e-02 2.271885275840759277e-01 -1.095831274986267090e+00
2.430409193038940430e-02 2.269862443208694458e-01 -1.094938278198242188e+00
2.930324524641036987e-02 2.261164635419845581e-01 -1.090843915939331055e+00
3.428266942501068115e-02 2.253745347261428833e-01 -1.087383866310119629e+00
3.926078602671623230e-02 2.248164415359497070e-01 -1.084828019142150879e+00
4.431442171335220337e-02 2.247689068317413330e-01 -1.084752559661865234e+00
4.936491325497627258e-02 2.247168272733688354e-01 -1.084671735763549805e+00
5.437587201595306396e-02 2.245111763477325439e-01 -1.083865404129028320e+00
5.932933837175369263e-02 2.241233438253402710e-01 -1.082194209098815918e+00
6.429006904363632202e-02 2.238216251134872437e-01 -1.080952405929565430e+00
6.904219835996627808e-02 2.228903323411941528e-01 -1.076682567596435547e+00
7.418690621852874756e-02 2.232667654752731323e-01 -1.078741192817687988e+00
7.930045574903488159e-02 2.235075831413269043e-01 -1.080156922340393066e+00
8.441378921270370483e-02 2.237190753221511841e-01 -1.081441879272460938e+00
8.955644816160202026e-02 2.239800840616226196e-01 -1.082975983619689941e+00
9.459102898836135864e-02 2.239573895931243896e-01 -1.083146691322326660e+00
9.983377903699874878e-02 2.244049012660980225e-01 -1.085598945617675781e+00
1.052884832024574280e-01 2.252627611160278320e-01 -1.090043544769287109e+00
1.103360280394554138e-01 2.252106815576553345e-01 -1.090090274810791016e+00
1.155383959412574768e-01 2.254653126001358032e-01 -1.091624736785888672e+00
1.208375319838523865e-01 2.258793860673904419e-01 -1.093933343887329102e+00
1.265586763620376587e-01 2.270170003175735474e-01 -1.099748015403747559e+00
1.318581402301788330e-01 2.273392230272293091e-01 -1.101612925529479980e+00
1.376443952322006226e-01 2.284452915191650391e-01 -1.107274651527404785e+00
1.432726234197616577e-01 2.292188107967376709e-01 -1.111321926116943359e+00
1.491292119026184082e-01 2.302912026643753052e-01 -1.116813898086547852e+00
1.542323976755142212e-01 2.301671802997589111e-01 -1.116496443748474121e+00
1.582721620798110962e-01 2.285158038139343262e-01 -1.108757734298706055e+00
-2.227573096752166748e-02 2.277320772409439087e-01 -1.122897148132324219e+00
-1.701939851045608521e-02 2.276049703359603882e-01 -1.122190952301025391e+00
-1.172046177089214325e-02 2.265412211418151855e-01 -1.116888165473937988e+00
-6.482382304966449738e-03 2.258901149034500122e-01 -1.113641023635864258e+00
-1.275173737667500973e-03 2.253925055265426636e-01 -1.111172080039978027e+00
3.902974771335721016e-03 2.245422154664993286e-01 -1.106985688209533691e+00
9.026970714330673218e-03 2.233215421438217163e-01 -1.100994110107421875e+00
1.410782523453235626e-02 2.223073691129684448e-01 -1.096040964126586914e+00
1.920892670750617981e-02 2.220675349235534668e-01 -1.094925880432128906e+00
2.429235167801380157e-02 2.217672020196914673e-01 -1.093532800674438477e+00
2.930289320647716522e-02 2.210215330123901367e-01 -1.089963078498840332e+00
3.432014957070350647e-02 2.205397933721542358e-01 -1.087713599205017090e+00
3.928734734654426575e-02 2.199021279811859131e-01 -1.084713697433471680e+00
4.436779394745826721e-02 2.199715822935104370e-01 -1.085219502449035645e+00
4.942495003342628479e-02 2.199231982231140137e-01 -1.085161805152893066e+00
5.432708561420440674e-02 2.192581444978713989e-01 -1.082077622413635254e+00
5.932244285941123962e-02 2.190504819154739380e-01 -1.081266164779663086e+00
6.422126293182373047e-02 2.185468673706054688e-01 -1.079008460044860840e+00
6.909393519163131714e-02 2.180339395999908447e-01 -1.076718211174011230e+00
7.406745851039886475e-02 2.178872823715209961e-01 -1.076249122619628906e+00
7.935480773448944092e-02 2.186237722635269165e-01 -1.080155611038208008e+00
8.443600684404373169e-02 2.187383323907852173e-01 -1.081001877784729004e+00
8.956371992826461792e-02 2.189536988735198975e-01 -1.082356691360473633e+00
9.464649856090545654e-02 2.190420925617218018e-01 -1.083093523979187012e+00
9.972640126943588257e-02 2.191152423620223999e-01 -1.083762764930725098e+00
1.053383201360702515e-01 2.202939093112945557e-01 -1.089908361434936523e+00
1.104016155004501343e-01 2.202696651220321655e-01 -1.090109229087829590e+00
1.153505071997642517e-01 2.200292944908142090e-01 -1.089243888854980469e+00
1.207290738821029663e-01 2.205942869186401367e-01 -1.092368006706237793e+00
1.265806257724761963e-01 2.219429165124893188e-01 -1.099376201629638672e+00
1.320616006851196289e-01 2.225622981786727905e-01 -1.102774143218994141e+00
1.372828185558319092e-01 2.227139770984649658e-01 -1.103853344917297363e+00
1.431421339511871338e-01 2.238526195287704468e-01 -1.109821796417236328e+00
1.487513631582260132e-01 2.245345562696456909e-01 -1.113522768020629883e+00
1.541015207767486572e-01 2.247927486896514893e-01 -1.115115880966186523e+00
1.595674306154251099e-01 2.251975089311599731e-01 -1.117427468299865723e+00
-2.237124182283878326e-02 2.234391719102859497e-01 -1.126775503158569336e+00
-1.709455251693725586e-02 2.233429700136184692e-01 -1.126206278800964355e+00
-1.172775216400623322e-02 2.214594930410385132e-01 -1.116647601127624512e+00
-6.492098327726125717e-03 2.210165113210678101e-01 -1.114374876022338867e+00
-1.277593430131673813e-03 2.206173986196517944e-01 -1.112345814704895020e+00
3.910386469215154648e-03 2.197854816913604736e-01 -1.108157038688659668e+00
9.041646495461463928e-03 2.185310125350952148e-01 -1.101859688758850098e+00
1.414174865931272507e-02 2.177077680826187134e-01 -1.097758531570434570e+00
1.922304183244705200e-02 2.171106338500976562e-01 -1.094818711280822754e+00
2.426065690815448761e-02 2.163751274347305298e-01 -1.091202020645141602e+00
2.931739576160907745e-02 2.160361558198928833e-01 -1.089605808258056641e+00
3.434840217232704163e-02 2.156360149383544922e-01 -1.087720990180969238e+00
3.937257081270217896e-02 2.153017073869705200e-01 -1.086187958717346191e+00
4.421613365411758423e-02 2.141689658164978027e-01 -1.080645203590393066e+00
4.931930080056190491e-02 2.143969982862472534e-01 -1.081986546516418457e+00
5.422202870249748230e-02 2.137923091650009155e-01 -1.079143166542053223e+00
5.925779417157173157e-02 2.137704491615295410e-01 -1.079258084297180176e+00
6.430672109127044678e-02 2.137957662343978882e-01 -1.079627633094787598e+00
6.915344297885894775e-02 2.131940275430679321e-01 -1.076845526695251465e+00
7.431856542825698853e-02 2.135889083147048950e-01 -1.079111456871032715e+00
7.940088957548141479e-02 2.137108445167541504e-01 -1.080012440681457520e+00
8.442875742912292480e-02 2.136803716421127319e-01 -1.080155611038208008e+00
8.948546648025512695e-02 2.137222290039062500e-01 -1.080675721168518066e+00
9.468298405408859253e-02 2.140779644250869751e-01 -1.082793474197387695e+00
1.000895500183105469e-01 2.148464471101760864e-01 -1.087009072303771973e+00
1.052740663290023804e-01 2.150871753692626953e-01 -1.088563561439514160e+00
1.103858873248100281e-01 2.151640951633453369e-01 -1.089295387268066406e+00
1.155735328793525696e-01 2.153755575418472290e-01 -1.090713262557983398e+00
1.209054589271545410e-01 2.158267349004745483e-01 -1.093349337577819824e+00
1.264658421277999878e-01 2.166328281164169312e-01 -1.097786903381347656e+00
1.320744603872299194e-01 2.174557447433471680e-01 -1.102312207221984863e+00
1.378896981477737427e-01 2.185446172952651978e-01 -1.108187079429626465e+00
1.430936306715011597e-01 2.186210453510284424e-01 -1.108926415443420410e+00
1.485361456871032715e-01 2.190439999103546143e-01 -1.111419200897216797e+00
1.541350483894348145e-01 2.196614295244216919e-01 -1.114893317222595215e+00
1.599906086921691895e-01 2.205925434827804565e-01 -1.119953036308288574e+00
-2.742930315434932709e-02 2.165023088455200195e-01 -1.117318153381347656e+00
-2.242654003202915192e-02 2.187091112136840820e-01 -1.128595352172851562e+00
-1.706694625318050385e-02 2.177237421274185181e-01 -1.123422265052795410e+00
-1.175365969538688660e-02 2.167145758867263794e-01 -1.118150472640991211e+00
-6.505880504846572876e-03 2.162624448537826538e-01 -1.115776538848876953e+00
-1.278051873669028282e-03 2.154919058084487915e-01 -1.111783504486083984e+00
3.909925464540719986e-03 2.145770043134689331e-01 -1.107069253921508789e+00
9.053548797965049744e-03 2.136583328247070312e-01 -1.102358698844909668e+00
1.416219677776098251e-02 2.128809690475463867e-01 -1.098400235176086426e+00
1.924124173820018768e-02 2.121912539005279541e-01 -1.094916343688964844e+00
2.431951835751533508e-02 2.117849737405776978e-01 -1.092917323112487793e+00
2.935078367590904236e-02 2.111816555261611938e-01 -1.089923024177551270e+00
3.440770879387855530e-02 2.109142541885375977e-01 -1.088683605194091797e+00
3.931633010506629944e-02 2.099239975214004517e-01 -1.083733201026916504e+00
4.424398019909858704e-02 2.092499583959579468e-01 -1.080434441566467285e+00
4.923060163855552673e-02 2.089644223451614380e-01 -1.079160690307617188e+00
5.423096567392349243e-02 2.087849229574203491e-01 -1.078453063964843750e+00
5.927391350269317627e-02 2.087859213352203369e-01 -1.078695774078369141e+00
6.429890543222427368e-02 2.087284773588180542e-01 -1.078653931617736816e+00
6.935618072748184204e-02 2.087765932083129883e-01 -1.079174041748046875e+00
7.443670928478240967e-02 2.088834345340728760e-01 -1.080013275146484375e+00
7.949084043502807617e-02 2.089073210954666138e-01 -1.080438137054443359e+00
8.443656563758850098e-02 2.086604833602905273e-01 -1.079475998878479004e+00
8.951053023338317871e-02 2.087405025959014893e-01 -1.080216288566589355e+00
9.480971843004226685e-02 2.093091905117034912e-01 -1.083497524261474609e+00
1.000267043709754944e-01 2.096480280160903931e-01 -1.085600018501281738e+00
1.052599027752876282e-01 2.099865674972534180e-01 -1.087710142135620117e+00
1.106233149766921997e-01 2.105417847633361816e-01 -1.090951085090637207e+00
1.156681999564170837e-01 2.104686349630355835e-01 -1.090942144393920898e+00
1.209532544016838074e-01 2.108202427625656128e-01 -1.093139290809631348e+00
1.263275891542434692e-01 2.112928032875061035e-01 -1.095967292785644531e+00
1.320163458585739136e-01 2.122341245412826538e-01 -1.101229906082153320e+00
1.377130001783370972e-01 2.131172716617584229e-01 -1.106193065643310547e+00
1.434229016304016113e-01 2.139565497636795044e-01 -1.110928773880004883e+00
1.488597691059112549e-01 2.143443375825881958e-01 -1.113317966461181641e+00
1.543920040130615234e-01 2.148387432098388672e-01 -1.116256117820739746e+00
1.595571935176849365e-01 2.148068398237228394e-01 -1.116452336311340332e+00
1.663732528686523438e-01 2.169294953346252441e-01 -1.127840042114257812e+00
-2.755751647055149078e-02 2.122608274221420288e-01 -1.121562123298645020e+00
-2.246798016130924225e-02 2.138211280107498169e-01 -1.129689216613769531e+00
-1.709478348493576050e-02 2.128117233514785767e-01 -1.124263405799865723e+00
-1.175381802022457123e-02 2.114832252264022827e-01 -1.117177248001098633e+00
-6.487546488642692566e-03 2.104444801807403564e-01 -1.111647009849548340e+00
-1.277254428714513779e-03 2.101560682058334351e-01 -1.110105156898498535e+00
3.908228129148483276e-03 2.093035429716110229e-01 -1.105608224868774414e+00
9.066700004041194916e-03 2.088008373975753784e-01 -1.102983474731445312e+00
1.417260803282260895e-02 2.078920900821685791e-01 -1.098237752914428711e+00
1.927899755537509918e-02 2.074726372957229614e-01 -1.096100568771362305e+00
2.437975630164146423e-02 2.071817666292190552e-01 -1.094666242599487305e+00
2.944220602512359619e-02 2.067230194807052612e-01 -1.092367649078369141e+00
3.439851850271224976e-02 2.057652026414871216e-01 -1.087453961372375488e+00
3.937956690788269043e-02 2.051832973957061768e-01 -1.084547996520996094e+00
4.432114958763122559e-02 2.045522183179855347e-01 -1.081402659416198730e+00
4.930203408002853394e-02 2.042133212089538574e-01 -1.079821825027465820e+00
5.433359742164611816e-02 2.041278332471847534e-01 -1.079600691795349121e+00
5.936286225914955139e-02 2.040489912033081055e-01 -1.079433798789978027e+00
6.438592821359634399e-02 2.039628773927688599e-01 -1.079246640205383301e+00
6.940735876560211182e-02 2.038844823837280273e-01 -1.079117536544799805e+00
7.444849610328674316e-02 2.038706690073013306e-01 -1.079346537590026855e+00
7.950419187545776367e-02 2.038959711790084839e-01 -1.079797983169555664e+00
8.440938591957092285e-02 2.035552859306335449e-01 -1.078324913978576660e+00
8.966312557458877563e-02 2.040461748838424683e-01 -1.081270337104797363e+00
9.490186721086502075e-02 2.044523954391479492e-01 -1.083780407905578613e+00
9.990653395652770996e-02 2.043387591838836670e-01 -1.083545565605163574e+00
1.048856154084205627e-01 2.041862457990646362e-01 -1.083113193511962891e+00
1.100515872240066528e-01 2.043948620557785034e-01 -1.084604263305664062e+00
1.157424002885818481e-01 2.055170685052871704e-01 -1.090951800346374512e+00
1.207054629921913147e-01 2.053069472312927246e-01 -1.090233445167541504e+00
1.260586529970169067e-01 2.057506144046783447e-01 -1.092990159988403320e+00
1.319471150636672974e-01 2.069995254278182983e-01 -1.100029349327087402e+00
1.374697238206863403e-01 2.076025903224945068e-01 -1.103639841079711914e+00
1.433300077915191650e-01 2.086537629365921021e-01 -1.109633684158325195e+00
1.489416062831878662e-01 2.092823684215545654e-01 -1.113379836082458496e+00
1.545005738735198975e-01 2.097973078489303589e-01 -1.116517663002014160e+00
1.609222739934921265e-01 2.114121466875076294e-01 -1.125505566596984863e+00
1.664412766695022583e-01 2.117766737937927246e-01 -1.127831459045410156e+00
1.716004312038421631e-01 2.116751074790954590e-01 -1.127663969993591309e+00
-3.250123932957649231e-02 2.050529271364212036e-01 -1.110127687454223633e+00
-2.773732505738735199e-02 2.083580195903778076e-01 -1.127873063087463379e+00
-2.249579690396785736e-02 2.087872028350830078e-01 -1.130073308944702148e+00
-1.704271137714385986e-02 2.069124132394790649e-01 -1.119829058647155762e+00
-1.172995753586292267e-02 2.058302909135818481e-01 -1.113901853561401367e+00
-6.489187013357877731e-03 2.052878141403198242e-01 -1.110921025276184082e+00
-1.275173621252179146e-03 2.046207487583160400e-01 -1.107292056083679199e+00
3.916994202882051468e-03 2.045810818672180176e-01 -1.107083916664123535e+00
9.056077338755130768e-03 2.033943831920623779e-01 -1.100694179534912109e+00
1.418582256883382797e-02 2.029357701539993286e-01 -1.098269701004028320e+00
1.926163770258426666e-02 2.021554410457611084e-01 -1.094128966331481934e+00
2.435162477195262909e-02 2.018208205699920654e-01 -1.092424869537353516e+00
2.939719147980213165e-02 2.012983411550521851e-01 -1.089727759361267090e+00
3.439156338572502136e-02 2.006318867206573486e-01 -1.086274385452270508e+00
3.934649005532264709e-02 1.999369263648986816e-01 -1.082688689231872559e+00
4.435922205448150635e-02 1.996608823537826538e-01 -1.081393361091613770e+00
4.939891770482063293e-02 1.995503455400466919e-01 -1.081016182899475098e+00
5.442086979746818542e-02 1.993953734636306763e-01 -1.080418944358825684e+00
5.949188396334648132e-02 1.994312554597854614e-01 -1.080876111984252930e+00
6.449984759092330933e-02 1.992666870355606079e-01 -1.080265998840332031e+00
6.943853944540023804e-02 1.989276260137557983e-01 -1.078727722167968750e+00
7.427784800529479980e-02 1.983690857887268066e-01 -1.076015353202819824e+00
7.935313880443572998e-02 1.984716802835464478e-01 -1.076904654502868652e+00
8.458706736564636230e-02 1.989351212978363037e-01 -1.079767942428588867e+00
8.981497585773468018e-02 1.993329972028732300e-01 -1.082290768623352051e+00
9.483360499143600464e-02 1.992487311363220215e-01 -1.082208991050720215e+00
9.983263164758682251e-02 1.991339176893234253e-01 -1.081972241401672363e+00
1.048408001661300659e-01 1.990475058555603027e-01 -1.081899404525756836e+00
1.101507693529129028e-01 1.995156854391098022e-01 -1.084850072860717773e+00
1.154093071818351746e-01 1.998536586761474609e-01 -1.087101340293884277e+00
1.205310821533203125e-01 1.999363303184509277e-01 -1.087970137596130371e+00
1.259374022483825684e-01 2.004652172327041626e-01 -1.091272354125976562e+00
1.319843083620071411e-01 2.019331455230712891e-01 -1.099692702293395996e+00
1.373753100633621216e-01 2.023253291845321655e-01 -1.102259159088134766e+00
1.429762840270996094e-01 2.029873430728912354e-01 -1.106296539306640625e+00
1.487253159284591675e-01 2.038062065839767456e-01 -1.111189007759094238e+00
1.539533734321594238e-01 2.038801014423370361e-01 -1.112016558647155762e+00
1.605545729398727417e-01 2.057085186243057251e-01 -1.122410774230957031e+00
1.661767810583114624e-01 2.062069475650787354e-01 -1.125544190406799316e+00
1.710999906063079834e-01 2.058340609073638916e-01 -1.123911142349243164e+00
-3.284431621432304382e-02 2.019586116075515747e-01 -1.120831608772277832e+00
-2.768456749618053436e-02 2.026839703321456909e-01 -1.124703168869018555e+00
-2.241956815123558044e-02 2.027990072965621948e-01 -1.125213384628295898e+00
-1.712520606815814972e-02 2.026374638080596924e-01 -1.124215602874755859e+00
-1.179097499698400497e-02 2.016501873731613159e-01 -1.118664026260375977e+00
-6.508581340312957764e-03 2.006759345531463623e-01 -1.113212108612060547e+00
-1.278889016248285770e-03 2.000088989734649658e-01 -1.109491825103759766e+00
3.908837214112281799e-03 1.989739537239074707e-01 -1.103757619857788086e+00
9.061860851943492889e-03 1.983591616153717041e-01 -1.100380778312683105e+00
1.416726782917976379e-02 1.975269019603729248e-01 -1.095823645591735840e+00
1.927359029650688171e-02 1.971473395824432373e-01 -1.093803882598876953e+00
2.436111494898796082e-02 1.967756152153015137e-01 -1.091853260993957520e+00
2.942400425672531128e-02 1.963686943054199219e-01 -1.089732170104980469e+00
3.440166264772415161e-02 1.955976337194442749e-01 -1.085614681243896484e+00
3.933076560497283936e-02 1.947849839925765991e-01 -1.081289172172546387e+00
4.434646293520927429e-02 1.945378482341766357e-01 -1.080125808715820312e+00
4.941991716623306274e-02 1.945687681436538696e-01 -1.080528974533081055e+00
5.446506664156913757e-02 1.944929063320159912e-01 -1.080361008644104004e+00
5.948374420404434204e-02 1.943434178829193115e-01 -1.079805374145507812e+00
6.455574929714202881e-02 1.943779885768890381e-01 -1.080292582511901855e+00
6.937396526336669922e-02 1.936989128589630127e-01 -1.076831936836242676e+00
7.435333728790283203e-02 1.935313194990158081e-01 -1.076231837272644043e+00
7.940687239170074463e-02 1.935658156871795654e-01 -1.076772451400756836e+00
8.464882522821426392e-02 1.940280646085739136e-01 -1.079709529876708984e+00
8.979976922273635864e-02 1.942413747310638428e-01 -1.081277489662170410e+00
9.486626088619232178e-02 1.942590177059173584e-01 -1.081770181655883789e+00
9.981899708509445190e-02 1.940537393093109131e-01 -1.081033229827880859e+00
1.049660965800285339e-01 1.942278742790222168e-01 -1.082420587539672852e+00
1.102324575185775757e-01 1.945965290069580078e-01 -1.084902286529541016e+00
1.154807284474372864e-01 1.949022561311721802e-01 -1.087042570114135742e+00
1.207449138164520264e-01 1.952079981565475464e-01 -1.089190244674682617e+00
1.260788142681121826e-01 1.955971419811248779e-01 -1.091809749603271484e+00
1.316514760255813599e-01 1.963121294975280762e-01 -1.096253275871276855e+00
1.373917162418365479e-01 1.972142159938812256e-01 -1.101746439933776855e+00
1.427920758724212646e-01 1.975809931755065918e-01 -1.104251623153686523e+00
1.483964473009109497e-01 1.981947124004364014e-01 -1.108136773109436035e+00
1.544812172651290894e-01 1.993872821331024170e-01 -1.115258097648620605e+00
1.602650433778762817e-01 2.001264542341232300e-01 -1.119841575622558594e+00
1.659876406192779541e-01 2.007450461387634277e-01 -1.123745203018188477e+00
1.715786755084991455e-01 2.011715918779373169e-01 -1.126565933227539062e+00
1.745664924383163452e-01 1.986110955476760864e-01 -1.112642288208007812e+00
-3.315197676420211792e-02 1.985423117876052856e-01 -1.130290031433105469e+00
-2.774202264845371246e-02 1.978159397840499878e-01 -1.125993967056274414e+00
-2.244438976049423218e-02 1.977369785308837891e-01 -1.125410795211791992e+00
-1.713220030069351196e-02 1.974415481090545654e-01 -1.123623609542846680e+00
-1.180807687342166901e-02 1.966842561960220337e-01 -1.119236350059509277e+00
-6.517998408526182175e-03 1.957333087921142578e-01 -1.113775730133056641e+00
-1.277615549042820930e-03 1.946068406105041504e-01 -1.107344985008239746e+00
3.911064006388187408e-03 1.939032226800918579e-01 -1.103348493576049805e+00
9.065110236406326294e-03 1.932633370161056519e-01 -1.099742174148559570e+00
1.419190317392349243e-02 1.927179992198944092e-01 -1.096701502799987793e+00
1.930540055036544800e-02 1.923307031393051147e-01 -1.094587206840515137e+00
2.440051548182964325e-02 1.919617205858230591e-01 -1.092603921890258789e+00
2.945324592292308807e-02 1.914454698562622070e-01 -1.089808464050292969e+00
3.447764366865158081e-02 1.909251958131790161e-01 -1.087015151977539062e+00
3.939910233020782471e-02 1.900425553321838379e-01 -1.082183241844177246e+00
4.439428076148033142e-02 1.896765530109405518e-01 -1.080316543579101562e+00
4.942747950553894043e-02 1.895313858985900879e-01 -1.079730987548828125e+00
5.447309836745262146e-02 1.894564181566238403e-01 -1.079568386077880859e+00
5.949622392654418945e-02 1.893226206302642822e-01 -1.079092741012573242e+00
6.450305134057998657e-02 1.891619861125946045e-01 -1.078484892845153809e+00
6.950455158948898315e-02 1.890102475881576538e-01 -1.077947854995727539e+00
7.449442893266677856e-02 1.888496279716491699e-01 -1.077378749847412109e+00
7.959982007741928101e-02 1.889836192131042480e-01 -1.078508377075195312e+00
8.463469147682189941e-02 1.889441907405853271e-01 -1.078665614128112793e+00
8.973725140094757080e-02 1.890517920255661011e-01 -1.079678058624267578e+00
9.483475238084793091e-02 1.891378462314605713e-01 -1.080582261085510254e+00
9.988988935947418213e-02 1.891349703073501587e-01 -1.080991506576538086e+00
1.050077527761459351e-01 1.892454028129577637e-01 -1.082060098648071289e+00
1.103492751717567444e-01 1.897302567958831787e-01 -1.085280895233154297e+00
1.157214567065238953e-01 1.902228742837905884e-01 -1.088557243347167969e+00
1.211901083588600159e-01 1.908259391784667969e-01 -1.092475056648254395e+00
1.263305395841598511e-01 1.908843368291854858e-01 -1.093281507492065430e+00
1.317252367734909058e-01 1.913074553012847900e-01 -1.096181750297546387e+00
1.371274590492248535e-01 1.917094886302947998e-01 -1.098965167999267578e+00
1.426310837268829346e-01 1.922191828489303589e-01 -1.102368116378784180e+00
1.487534344196319580e-01 1.934982687234878540e-01 -1.110186100006103516e+00
1.547566950321197510e-01 1.945416778326034546e-01 -1.116654038429260254e+00
1.604639887809753418e-01 1.951572895050048828e-01 -1.120665073394775391e+00
1.660349220037460327e-01 1.955735087394714355e-01 -1.123525857925415039e+00
1.728525906801223755e-01 1.973879784345626831e-01 -1.134415030479431152e+00
1.779598146677017212e-01 1.971996128559112549e-01 -1.133785843849182129e+00
-3.859384357929229736e-02 1.939063817262649536e-01 -1.133359551429748535e+00
-3.334004431962966919e-02 1.943304389715194702e-01 -1.135640978813171387e+00
-2.805314213037490845e-02 1.946864277124404907e-01 -1.137552022933959961e+00
-2.248920686542987823e-02 1.928346902132034302e-01 -1.126593112945556641e+00
-1.715085282921791077e-02 1.923721283674240112e-01 -1.123780488967895508e+00
-1.179370470345020294e-02 1.911928504705429077e-01 -1.116811037063598633e+00
-6.495161447674036026e-03 1.898328810930252075e-01 -1.108816027641296387e+00
-1.276884693652391434e-03 1.892956346273422241e-01 -1.105656385421752930e+00
3.911040723323822021e-03 1.887180507183074951e-01 -1.102290153503417969e+00
9.061063639819622040e-03 1.880124509334564209e-01 -1.098204970359802246e+00
1.420617755502462387e-02 1.877542883157730103e-01 -1.096762061119079590e+00
1.932922750711441040e-02 1.874197423458099365e-01 -1.094901204109191895e+00
2.442206814885139465e-02 1.869945824146270752e-01 -1.092538952827453613e+00
2.947417646646499634e-02 1.864595264196395874e-01 -1.089561462402343750e+00
3.447909653186798096e-02 1.858285814523696899e-01 -1.086049914360046387e+00
3.947977721691131592e-02 1.853404790163040161e-01 -1.083398580551147461e+00
4.446790739893913269e-02 1.849116832017898560e-01 -1.081118822097778320e+00
4.948984086513519287e-02 1.846969425678253174e-01 -1.080114960670471191e+00
5.451630428433418274e-02 1.845374852418899536e-01 -1.079457998275756836e+00
5.954479053616523743e-02 1.844114214181900024e-01 -1.079019308090209961e+00
6.460748612880706787e-02 1.844027638435363770e-01 -1.079289793968200684e+00
6.958715617656707764e-02 1.841756254434585571e-01 -1.078302383422851562e+00
7.466914504766464233e-02 1.842317283153533936e-01 -1.078993439674377441e+00
7.975842803716659546e-02 1.842975616455078125e-01 -1.079760670661926270e+00
8.477009832859039307e-02 1.841869056224822998e-01 -1.079511761665344238e+00
8.977947384119033813e-02 1.840840131044387817e-01 -1.079324483871459961e+00
9.484037756919860840e-02 1.840920895338058472e-01 -1.079802751541137695e+00
9.995663911104202271e-02 1.842014044523239136e-01 -1.080888748168945312e+00
1.051550209522247314e-01 1.844441890716552734e-01 -1.082771420478820801e+00
1.104469597339630127e-01 1.848212331533432007e-01 -1.085454463958740234e+00
1.159289255738258362e-01 1.854691356420516968e-01 -1.089740395545959473e+00
1.211518421769142151e-01 1.856655031442642212e-01 -1.091383099555969238e+00
1.266663074493408203e-01 1.862747520208358765e-01 -1.095460891723632812e+00
1.316726505756378174e-01 1.861184835433959961e-01 -1.095042228698730469e+00
1.368110030889511108e-01 1.861535012722015381e-01 -1.095751404762268066e+00
1.425392031669616699e-01 1.869596391916275024e-01 -1.101002573966979980e+00
1.489356905221939087e-01 1.885558068752288818e-01 -1.110911369323730469e+00
1.545906215906143188e-01 1.891373693943023682e-01 -1.114845633506774902e+00
1.601479351520538330e-01 1.895655989646911621e-01 -1.117873549461364746e+00
1.661245524883270264e-01 1.904475390911102295e-01 -1.123573541641235352e+00
1.719696521759033203e-01 1.911294609308242798e-01 -1.128088593482971191e+00
1.779915243387222290e-01 1.919616162776947021e-01 -1.133483171463012695e+00
-3.858757391571998596e-02 1.885491758584976196e-01 -1.132112503051757812e+00
-3.340813145041465759e-02 1.893781870603561401e-01 -1.136884927749633789e+00
-2.784750051796436310e-02 1.879505217075347900e-01 -1.128139853477478027e+00
-2.249524928629398346e-02 1.875879913568496704e-01 -1.125818967819213867e+00
-1.712422445416450500e-02 1.867972463369369507e-01 -1.120959043502807617e+00
-1.182908471673727036e-02 1.864986419677734375e-01 -1.119083404541015625e+00
-6.520438008010387421e-03 1.853366643190383911e-01 -1.112057924270629883e+00
-1.278442447073757648e-03 1.843203455209732056e-01 -1.105937123298645020e+00
3.907260484993457794e-03 1.833566278219223022e-01 -1.100162506103515625e+00
9.059470146894454956e-03 1.828156411647796631e-01 -1.096954107284545898e+00
1.419672369956970215e-02 1.824752241373062134e-01 -1.094978928565979004e+00
1.933645643293857574e-02 1.823395192623138428e-01 -1.094261646270751953e+00
2.444170787930488586e-02 1.820041537284851074e-01 -1.092375159263610840e+00
2.950483560562133789e-02 1.815261691808700562e-01 -1.089661002159118652e+00
3.449355065822601318e-02 1.807996779680252075e-01 -1.085482239723205566e+00
3.950380906462669373e-02 1.803589314222335815e-01 -1.083045363426208496e+00
4.452092573046684265e-02 1.800466030836105347e-01 -1.081405639648437500e+00
4.955608397722244263e-02 1.798637956380844116e-01 -1.080569386482238770e+00
5.460714548826217651e-02 1.797673553228378296e-01 -1.080276727676391602e+00
5.970047041773796082e-02 1.798146069049835205e-01 -1.080872058868408203e+00
6.467548757791519165e-02 1.795260310173034668e-01 -1.079471707344055176e+00
6.974649429321289062e-02 1.795265078544616699e-01 -1.079831123352050781e+00
7.476304471492767334e-02 1.793962568044662476e-01 -1.079425096511840820e+00
7.981168478727340698e-02 1.793546527624130249e-01 -1.079572200775146484e+00
8.488276600837707520e-02 1.793654263019561768e-01 -1.080053329467773438e+00
8.982966840267181396e-02 1.791273653507232666e-01 -1.079053044319152832e+00
9.492220729589462280e-02 1.791896224021911621e-01 -1.079877376556396484e+00
9.997946023941040039e-02 1.791823357343673706e-01 -1.080297350883483887e+00
1.052497103810310364e-01 1.795390993356704712e-01 -1.082926392555236816e+00
1.105967611074447632e-01 1.799880266189575195e-01 -1.086125135421752930e+00
1.158336400985717773e-01 1.802261024713516235e-01 -1.088063359260559082e+00
1.208559125661849976e-01 1.801242828369140625e-01 -1.087958335876464844e+00
1.263575851917266846e-01 1.807163208723068237e-01 -1.092052340507507324e+00
1.317044794559478760e-01 1.810496002435684204e-01 -1.094590425491333008e+00
1.369064003229141235e-01 1.811661422252655029e-01 -1.095822453498840332e+00
1.423287987709045410e-01 1.815555244684219360e-01 -1.098707914352416992e+00
1.483973115682601929e-01 1.827133446931838989e-01 -1.106247544288635254e+00
1.544146686792373657e-01 1.837324649095535278e-01 -1.112951397895812988e+00
1.598712056875228882e-01 1.840397119522094727e-01 -1.115342497825622559e+00
1.653581708669662476e-01 1.843615323305130005e-01 -1.117817282676696777e+00
1.710381656885147095e-01 1.848723590373992920e-01 -1.121432065963745117e+00
1.765630841255187988e-01 1.851902604103088379e-01 -1.123868227005004883e+00
1.815057396888732910e-01 1.848966926336288452e-01 -1.122581124305725098e+00
-4.374751821160316467e-02 1.825319528579711914e-01 -1.127011656761169434e+00
-3.866853937506675720e-02 1.836079657077789307e-01 -1.133413314819335938e+00
-3.317903354763984680e-02 1.827671080827713013e-01 -1.128011584281921387e+00
-2.774418704211711884e-02 1.819641441106796265e-01 -1.122875571250915527e+00
-2.238074503839015961e-02 1.813615560531616211e-01 -1.119007825851440430e+00
-1.706165447831153870e-02 1.808577924966812134e-01 -1.115781545639038086e+00
-1.180183142423629761e-02 1.808133423328399658e-01 -1.115420579910278320e+00
-6.538096349686384201e-03 1.805894672870635986e-01 -1.113984465599060059e+00
-1.281105796806514263e-03 1.794872134923934937e-01 -1.107161641120910645e+00
3.905972698703408241e-03 1.781188845634460449e-01 -1.098729014396667480e+00
9.058432653546333313e-03 1.776315569877624512e-01 -1.095762014389038086e+00
1.417729537934064865e-02 1.770784407854080200e-01 -1.092419862747192383e+00
1.929820515215396881e-02 1.768387258052825928e-01 -1.091041326522827148e+00
2.445715293288230896e-02 1.769750863313674927e-01 -1.092013597488403320e+00
2.950881794095039368e-02 1.764226704835891724e-01 -1.088765144348144531e+00
3.454583138227462769e-02 1.759591847658157349e-01 -1.086094021797180176e+00
3.958427906036376953e-02 1.756215989589691162e-01 -1.084227681159973145e+00
4.458682611584663391e-02 1.752200573682785034e-01 -1.081993699073791504e+00
4.962772130966186523e-02 1.750361025333404541e-01 -1.081129550933837891e+00
5.467799678444862366e-02 1.749163568019866943e-01 -1.080687880516052246e+00
5.976207926869392395e-02 1.749159395694732666e-01 -1.081008672714233398e+00
6.482227146625518799e-02 1.748511642217636108e-01 -1.080955982208251953e+00
6.979152560234069824e-02 1.745682954788208008e-01 -1.079577684402465820e+00
7.487754523754119873e-02 1.745961010456085205e-01 -1.080142140388488770e+00
7.988102734088897705e-02 1.744401156902313232e-01 -1.079590320587158203e+00
8.483180403709411621e-02 1.741945147514343262e-01 -1.078502416610717773e+00
8.996663987636566162e-02 1.743332296609878540e-01 -1.079812288284301758e+00
9.485306590795516968e-02 1.740014702081680298e-01 -1.078224182128906250e+00
1.001230850815773010e-01 1.743713468313217163e-01 -1.080999493598937988e+00
1.052478402853012085e-01 1.744648069143295288e-01 -1.082076430320739746e+00
1.106736212968826294e-01 1.750257164239883423e-01 -1.086066842079162598e+00
1.157968714833259583e-01 1.750799119472503662e-01 -1.086925506591796875e+00
1.208530291914939880e-01 1.750323772430419922e-01 -1.087161898612976074e+00
1.258529871702194214e-01 1.749105751514434814e-01 -1.086943745613098145e+00
1.317580044269561768e-01 1.760072559118270874e-01 -1.094306230545043945e+00
1.371934711933135986e-01 1.764181256294250488e-01 -1.097413420677185059e+00
1.426069438457489014e-01 1.767721623182296753e-01 -1.100171327590942383e+00
1.482132971286773682e-01 1.773323267698287964e-01 -1.104215264320373535e+00
1.541219949722290039e-01 1.782044470310211182e-01 -1.110204100608825684e+00
1.599881649017333984e-01 1.789722442626953125e-01 -1.115544557571411133e+00
1.653950661420822144e-01 1.791941225528717041e-01 -1.117479324340820312e+00
1.711196005344390869e-01 1.797360479831695557e-01 -1.121404528617858887e+00
1.761111617088317871e-01 1.794988363981246948e-01 -1.120459318161010742e+00
1.809718310832977295e-01 1.791456788778305054e-01 -1.118776559829711914e+00
-4.392946884036064148e-02 1.779634952545166016e-01 -1.130627989768981934e+00
-3.855618461966514587e-02 1.777531057596206665e-01 -1.129041790962219238e+00
-3.315463662147521973e-02 1.773241907358169556e-01 -1.126098871231079102e+00
-2.772012725472450256e-02 1.765218526124954224e-01 -1.120817184448242188e+00
-2.234555408358573914e-02 1.758131235837936401e-01 -1.116162896156311035e+00
-1.705040782690048218e-02 1.754851043224334717e-01 -1.113958477973937988e+00
-1.179928146302700043e-02 1.755197793245315552e-01 -1.114088892936706543e+00
-6.539305672049522400e-03 1.753727793693542480e-01 -1.113098621368408203e+00
-1.283547957427799702e-03 1.746023595333099365e-01 -1.108184456825256348e+00
3.915065899491310120e-03 1.733441948890686035e-01 -1.100207328796386719e+00
9.048293344676494598e-03 1.722753793001174927e-01 -1.093463897705078125e+00
1.417130883783102036e-02 1.718587577342987061e-01 -1.090891718864440918e+00
1.929152384400367737e-02 1.716391891241073608e-01 -1.089601874351501465e+00
2.440991438925266266e-02 1.714991480112075806e-01 -1.088847994804382324e+00
2.949765324592590332e-02 1.712298393249511719e-01 -1.087304115295410156e+00
3.457138314843177795e-02 1.709710061550140381e-01 -1.085856437683105469e+00
3.963724151253700256e-02 1.707450151443481445e-01 -1.084646582603454590e+00
4.463245347142219543e-02 1.703011095523834229e-01 -1.082080483436584473e+00
4.955021291971206665e-02 1.696829795837402344e-01 -1.078433990478515625e+00
5.468896031379699707e-02 1.698661893606185913e-01 -1.079907059669494629e+00
5.978219211101531982e-02 1.698888838291168213e-01 -1.080386400222778320e+00
6.474446505308151245e-02 1.695650517940521240e-01 -1.078686833381652832e+00
6.977063417434692383e-02 1.694434732198715210e-01 -1.078297138214111328e+00
7.490223646163940430e-02 1.695770621299743652e-01 -1.079554319381713867e+00
7.992982864379882812e-02 1.694732010364532471e-01 -1.079321742057800293e+00
8.493999391794204712e-02 1.693469583988189697e-01 -1.078966617584228516e+00
8.989535272121429443e-02 1.691318303346633911e-01 -1.078063249588012695e+00
9.520288556814193726e-02 1.695669144392013550e-01 -1.081322789192199707e+00
1.001291871070861816e-01 1.693132966756820679e-01 -1.080207347869873047e+00
1.053245961666107178e-01 1.695172339677810669e-01 -1.082025647163391113e+00
1.107362210750579834e-01 1.700344234704971313e-01 -1.085858821868896484e+00
1.159643530845642090e-01 1.702367812395095825e-01 -1.087695121765136719e+00
1.208822131156921387e-01 1.699858158826828003e-01 -1.086644530296325684e+00
1.262585073709487915e-01 1.703737378120422363e-01 -1.089686632156372070e+00
1.314258575439453125e-01 1.704605221748352051e-01 -1.090810656547546387e+00
1.372391879558563232e-01 1.713473349809646606e-01 -1.097061991691589355e+00
1.426065713167190552e-01 1.716335415840148926e-01 -1.099474310874938965e+00
1.480402797460556030e-01 1.719768792390823364e-01 -1.102255463600158691e+00
1.538888812065124512e-01 1.727629303932189941e-01 -1.107876777648925781e+00
1.599660366773605347e-01 1.737460792064666748e-01 -1.114764571189880371e+00
1.657444238662719727e-01 1.743530631065368652e-01 -1.119238734245300293e+00
1.710319370031356812e-01 1.744223535060882568e-01 -1.120256185531616211e+00
1.770520508289337158e-01 1.752125173807144165e-01 -1.125896930694580078e+00
1.808768063783645630e-01 1.738471686840057373e-01 -1.117673158645629883e+00
-4.397169128060340881e-02 1.728017628192901611e-01 -1.130638122558593750e+00
-3.862649947404861450e-02 1.727462112903594971e-01 -1.130016207695007324e+00
-3.319872170686721802e-02 1.722444146871566772e-01 -1.126507401466369629e+00
-2.778993919491767883e-02 1.716686338186264038e-01 -1.122548460960388184e+00
-2.236434631049633026e-02 1.706932783126831055e-01 -1.116011023521423340e+00
-1.705781370401382446e-02 1.703055948019027710e-01 -1.113350272178649902e+00
-1.179324463009834290e-02 1.701781749725341797e-01 -1.112424612045288086e+00
-6.538722664117813110e-03 1.701075136661529541e-01 -1.111903667449951172e+00
-1.283792895264923573e-03 1.694076508283615112e-01 -1.107303857803344727e+00
3.913992084562778473e-03 1.681087166070938110e-01 -1.098822116851806641e+00
9.057917632162570953e-03 1.672957390546798706e-01 -1.093549966812133789e+00
1.418780069798231125e-02 1.669078767299652100e-01 -1.091089367866516113e+00
1.930402219295501709e-02 1.666087359189987183e-01 -1.089241266250610352e+00
2.440719120204448700e-02 1.663464605808258057e-01 -1.087666273117065430e+00
2.950261719524860382e-02 1.661317348480224609e-01 -1.086433649063110352e+00
3.461774438619613647e-02 1.660751104354858398e-01 -1.086266279220581055e+00
3.963502869009971619e-02 1.656242460012435913e-01 -1.083550214767456055e+00
4.458652436733245850e-02 1.650328338146209717e-01 -1.079943418502807617e+00
4.955151304602622986e-02 1.646075248718261719e-01 -1.077450871467590332e+00
5.467818304896354675e-02 1.647484898567199707e-01 -1.078692555427551270e+00
5.980852618813514709e-02 1.648755520582199097e-01 -1.079871296882629395e+00
6.479696929454803467e-02 1.646222025156021118e-01 -1.078584313392639160e+00
6.982655823230743408e-02 1.645026206970214844e-01 -1.078198194503784180e+00
7.493404299020767212e-02 1.645703315734863281e-01 -1.079063415527343750e+00
8.001611381769180298e-02 1.645771712064743042e-01 -1.079552531242370605e+00
8.493553102016448975e-02 1.642686277627944946e-01 -1.077993273735046387e+00
9.028981626033782959e-02 1.647884994745254517e-01 -1.081891059875488281e+00
9.522930532693862915e-02 1.645362824201583862e-01 -1.080739021301269531e+00
1.002199202775955200e-01 1.643934249877929688e-01 -1.080321311950683594e+00
1.053120046854019165e-01 1.644227802753448486e-01 -1.081050515174865723e+00
1.107644364237785339e-01 1.649861633777618408e-01 -1.085306406021118164e+00
1.160637438297271729e-01 1.652819961309432983e-01 -1.087817430496215820e+00
1.211671307682991028e-01 1.652856618165969849e-01 -1.088417053222656250e+00
1.260627359151840210e-01 1.650170236825942993e-01 -1.087231397628784180e+00
1.317428499460220337e-01 1.657563298940658569e-01 -1.092695236206054688e+00
1.370223611593246460e-01 1.659551262855529785e-01 -1.094604492187500000e+00
1.424525529146194458e-01 1.663155853748321533e-01 -1.097585082054138184e+00
1.478718370199203491e-01 1.666386127471923828e-01 -1.100322484970092773e+00
1.539514213800430298e-01 1.676590740680694580e-01 -1.107669234275817871e+00
1.594556421041488647e-01 1.680069267749786377e-01 -1.110574364662170410e+00
1.649589836597442627e-01 1.683319956064224243e-01 -1.113326549530029297e+00
1.717342287302017212e-01 1.698954850435256958e-01 -1.124269366264343262e+00
1.772533655166625977e-01 1.701604872941970825e-01 -1.126616954803466797e+00
1.818769276142120361e-01 1.695752441883087158e-01 -1.123322606086730957e+00
-3.862777352333068848e-02 1.674206852912902832e-01 -1.128966927528381348e+00
-3.322947770357131958e-02 1.670834869146347046e-01 -1.126459598541259766e+00
-2.780607901513576508e-02 1.664674431085586548e-01 -1.122106671333312988e+00
-2.242306806147098541e-02 1.658599227666854858e-01 -1.117846488952636719e+00
-1.701472885906696320e-02 1.646329611539840698e-01 -1.109447360038757324e+00
-1.174474414438009262e-02 1.642480939626693726e-01 -1.106758356094360352e+00
-6.519743241369724274e-03 1.643793582916259766e-01 -1.107582211494445801e+00
-1.277835690416395664e-03 1.634177714586257935e-01 -1.101077198982238770e+00
3.910539671778678894e-03 1.627770662307739258e-01 -1.096768975257873535e+00
9.079042822122573853e-03 1.625110208988189697e-01 -1.095019698143005371e+00
1.421017851680517197e-02 1.620121300220489502e-01 -1.091735243797302246e+00
1.930276490747928619e-02 1.614565700292587280e-01 -1.088102459907531738e+00
2.442188747227191925e-02 1.613099724054336548e-01 -1.087258696556091309e+00
2.952850051224231720e-02 1.611460447311401367e-01 -1.086331009864807129e+00
3.459596261382102966e-02 1.608486473560333252e-01 -1.084535360336303711e+00
3.967048227787017822e-02 1.606565415859222412e-01 -1.083480834960937500e+00
4.461627826094627380e-02 1.600465625524520874e-01 -1.079637885093688965e+00
4.967601969838142395e-02 1.599284708499908447e-01 -1.079142093658447266e+00
5.473736301064491272e-02 1.598370373249053955e-01 -1.078855156898498535e+00
5.985113605856895447e-02 1.599012315273284912e-01 -1.079646706581115723e+00
6.491781026124954224e-02 1.598393917083740234e-01 -1.079614520072937012e+00
6.991673260927200317e-02 1.596318483352661133e-01 -1.078623771667480469e+00
7.494705170392990112e-02 1.595192849636077881e-01 -1.078298687934875488e+00
7.990672439336776733e-02 1.592801660299301147e-01 -1.077140808105468750e+00
8.486934006214141846e-02 1.590751260519027710e-01 -1.076234221458435059e+00
8.993277698755264282e-02 1.590714901685714722e-01 -1.076710462570190430e+00
9.513147920370101929e-02 1.592947691679000854e-01 -1.078742504119873047e+00
1.002452597022056580e-01 1.593604385852813721e-01 -1.079725861549377441e+00
1.054555103182792664e-01 1.595657318830490112e-01 -1.081672549247741699e+00
1.106811165809631348e-01 1.597743183374404907e-01 -1.083657503128051758e+00
1.161435097455978394e-01 1.602913886308670044e-01 -1.087750077247619629e+00
1.212015673518180847e-01 1.602303683757781982e-01 -1.087932705879211426e+00
1.262783408164978027e-01 1.601980030536651611e-01 -1.088318943977355957e+00
1.313994824886322021e-01 1.602222919464111328e-01 -1.089097380638122559e+00
1.370656043291091919e-01 1.608844250440597534e-01 -1.094219923019409180e+00
1.424755305051803589e-01 1.612089574337005615e-01 -1.097053885459899902e+00
1.478184163570404053e-01 1.614377051591873169e-01 -1.099239826202392578e+00
1.538478285074234009e-01 1.623756736516952515e-01 -1.106259465217590332e+00
1.590891927480697632e-01 1.624479442834854126e-01 -1.107382774353027344e+00
1.640179008245468140e-01 1.622064709663391113e-01 -1.106362342834472656e+00
1.697798222303390503e-01 1.627785861492156982e-01 -1.110886096954345703e+00
1.769836395978927612e-01 1.646582931280136108e-01 -1.124334216117858887e+00
1.801083683967590332e-01 1.627440005540847778e-01 -1.111865043640136719e+00
-2.774068713188171387e-02 1.607875376939773560e-01 -1.118377447128295898e+00
-2.241076715290546417e-02 1.604903042316436768e-01 -1.116139888763427734e+00
-1.696947589516639709e-02 1.589665710926055908e-01 -1.105409622192382812e+00
-1.172717288136482239e-02 1.587799787521362305e-01 -1.104014039039611816e+00
-6.481825374066829681e-03 1.582194119691848755e-01 -1.100054025650024414e+00
-1.275185146369040012e-03 1.578858345746994019e-01 -1.097708225250244141e+00
3.911615349352359772e-03 1.576370447874069214e-01 -1.095987558364868164e+00
9.066128171980381012e-03 1.571123450994491577e-01 -1.092383861541748047e+00
1.421095989644527435e-02 1.568617522716522217e-01 -1.090721249580383301e+00
1.932692714035511017e-02 1.565109193325042725e-01 -1.088396191596984863e+00
2.441282756626605988e-02 1.561153829097747803e-01 -1.085794210433959961e+00
2.952511049807071686e-02 1.559967249631881714e-01 -1.085151433944702148e+00
3.457858785986900330e-02 1.556484699249267578e-01 -1.082944631576538086e+00
3.958619758486747742e-02 1.552102118730545044e-01 -1.080143094062805176e+00
4.474387317895889282e-02 1.553932726383209229e-01 -1.081696867942810059e+00
4.974869266152381897e-02 1.550623327493667603e-01 -1.079703927040100098e+00
5.480122938752174377e-02 1.549278497695922852e-01 -1.079108238220214844e+00
5.980896577239036560e-02 1.547003686428070068e-01 -1.077893018722534180e+00
6.492573022842407227e-02 1.547684669494628906e-01 -1.078765153884887695e+00
6.999529153108596802e-02 1.547223031520843506e-01 -1.078867912292480469e+00
7.488423585891723633e-02 1.543102115392684937e-01 -1.076443433761596680e+00
7.983363419771194458e-02 1.540671139955520630e-01 -1.075220227241516113e+00
8.493921905755996704e-02 1.541364341974258423e-01 -1.076200008392333984e+00
9.007312357425689697e-02 1.542464792728424072e-01 -1.077486038208007812e+00
9.524061530828475952e-02 1.543992161750793457e-01 -1.079091548919677734e+00
1.003866046667098999e-01 1.545034050941467285e-01 -1.080376982688903809e+00
1.055005267262458801e-01 1.545505672693252563e-01 -1.081281304359436035e+00
1.107166558504104614e-01 1.547362357378005981e-01 -1.083170652389526367e+00
1.158061251044273376e-01 1.547363698482513428e-01 -1.083775520324707031e+00
1.211821436882019043e-01 1.551032215356826782e-01 -1.086962103843688965e+00
1.260521113872528076e-01 1.548189073801040649e-01 -1.085595607757568359e+00
1.313244402408599854e-01 1.550316810607910156e-01 -1.087722659111022949e+00
1.367453783750534058e-01 1.553974151611328125e-01 -1.090931296348571777e+00
1.423294991254806519e-01 1.559155732393264771e-01 -1.095218062400817871e+00
1.480314135551452637e-01 1.565221995115280151e-01 -1.100133299827575684e+00
1.533380746841430664e-01 1.566842049360275269e-01 -1.101926922798156738e+00
1.588750034570693970e-01 1.570633053779602051e-01 -1.105247974395751953e+00
1.642457097768783569e-01 1.572593897581100464e-01 -1.107279658317565918e+00
1.683989465236663818e-01 1.563133895397186279e-01 -1.101260781288146973e+00
-1.157836895436048508e-02 1.516091227531433105e-01 -1.088934063911437988e+00
-6.466639693826436996e-03 1.526570022106170654e-01 -1.096396446228027344e+00
-1.274895155802369118e-03 1.526581346988677979e-01 -1.096377253532409668e+00
3.910840954631567001e-03 1.524220705032348633e-01 -1.094691157341003418e+00
9.080477058887481689e-03 1.521852910518646240e-01 -1.093036413192749023e+00
1.421399600803852081e-02 1.517348587512969971e-01 -1.089883327484130859e+00
1.931496523320674896e-02 1.512694805860519409e-01 -1.086658358573913574e+00
2.436567284166812897e-02 1.506890058517456055e-01 -1.082641124725341797e+00
2.945007942616939545e-02 1.504824906587600708e-01 -1.081344842910766602e+00
3.451038151979446411e-02 1.502321660518646240e-01 -1.079767584800720215e+00
3.960167989134788513e-02 1.501639783382415771e-01 -1.079532623291015625e+00
4.457921162247657776e-02 1.497292220592498779e-01 -1.076694488525390625e+00
4.975870996713638306e-02 1.499924212694168091e-01 -1.078907132148742676e+00
5.483875051140785217e-02 1.499347388744354248e-01 -1.078843355178833008e+00
5.987941473722457886e-02 1.497884094715118408e-01 -1.078171133995056152e+00
6.501085311174392700e-02 1.498742550611495972e-01 -1.079199194908142090e+00
7.004765421152114868e-02 1.497453153133392334e-01 -1.078708529472351074e+00
7.494988292455673218e-02 1.493656784296035767e-01 -1.076436758041381836e+00
7.990003377199172974e-02 1.491236686706542969e-01 -1.075180172920227051e+00
8.499095588922500610e-02 1.491575837135314941e-01 -1.075936317443847656e+00
9.011195600032806396e-02 1.492375135421752930e-01 -1.077046990394592285e+00
9.540103375911712646e-02 1.495724171400070190e-01 -1.080020189285278320e+00
1.004866659641265869e-01 1.495706140995025635e-01 -1.080582499504089355e+00
1.054707616567611694e-01 1.494251191616058350e-01 -1.080124020576477051e+00
1.104987561702728271e-01 1.493523418903350830e-01 -1.080206036567687988e+00
1.156838387250900269e-01 1.494889408349990845e-01 -1.081816911697387695e+00
1.207820475101470947e-01 1.495065242052078247e-01 -1.082579493522644043e+00
1.259662657976150513e-01 1.496248543262481689e-01 -1.084082603454589844e+00
1.310127377510070801e-01 1.495767086744308472e-01 -1.084388732910156250e+00
1.365483105182647705e-01 1.500697135925292969e-01 -1.088626623153686523e+00
1.422677636146545410e-01 1.507219821214675903e-01 -1.094029903411865234e+00
1.477321088314056396e-01 1.510680317878723145e-01 -1.097217559814453125e+00
1.534461826086044312e-01 1.516375988721847534e-01 -1.102033734321594238e+00
1.599017977714538574e-01 1.528790891170501709e-01 -1.111739873886108398e+00
2.421704493463039398e-02 1.446762681007385254e-01 -1.074993610382080078e+00
2.936196140944957733e-02 1.449297219514846802e-01 -1.077069163322448730e+00
3.452908247709274292e-02 1.452015340328216553e-01 -1.079317212104797363e+00
3.956935554742813110e-02 1.449385881423950195e-01 -1.077624797821044922e+00
4.449604079127311707e-02 1.443671882152557373e-01 -1.073671340942382812e+00
4.964202269911766052e-02 1.445515155792236328e-01 -1.075370550155639648e+00
5.497994646430015564e-02 1.452084928750991821e-01 -1.080619931221008301e+00
6.029329448938369751e-02 1.456943154335021973e-01 -1.084629893302917480e+00
6.540816277265548706e-02 1.456619352102279663e-01 -1.084813356399536133e+00
7.040077447891235352e-02 1.453818082809448242e-01 -1.083179712295532227e+00
7.491337507963180542e-02 1.442155539989471436e-01 -1.074966907501220703e+00
7.994274795055389404e-02 1.441290825605392456e-01 -1.074824213981628418e+00
8.486939221620559692e-02 1.438787728548049927e-01 -1.073483347892761230e+00
8.986035734415054321e-02 1.437595486640930176e-01 -1.073142170906066895e+00
9.507354348897933960e-02 1.439895927906036377e-01 -1.075430393218994141e+00
1.003128290176391602e-01 1.442338675260543823e-01 -1.077846527099609375e+00
1.055175811052322388e-01 1.444073617458343506e-01 -1.079753637313842773e+00
1.104243621230125427e-01 1.441758275032043457e-01 -1.078648924827575684e+00
1.154183745384216309e-01 1.440735757350921631e-01 -1.078524470329284668e+00
1.207955554127693176e-01 1.444380730390548706e-01 -1.081908464431762695e+00
1.259166598320007324e-01 1.444792896509170532e-01 -1.082883715629577637e+00
1.309393048286437988e-01 1.444087326526641846e-01 -1.083030343055725098e+00
7.968119531869888306e-02 1.385998278856277466e-01 -1.070386648178100586e+00
8.432538062334060669e-02 1.379234939813613892e-01 -1.065700411796569824e+00
8.905396610498428345e-02 1.374535858631134033e-01 -1.062628388404846191e+00
9.389805793762207031e-02 1.372026056051254272e-01 -1.061267852783203125e+00
6.649602949619293213e-02 1.493685692548751831e-01 -1.194048166275024414e+00
7.211989164352416992e-02 1.492997556924819946e-01 -1.193991661071777344e+00
7.768896967172622681e-02 1.491357982158660889e-01 -1.193207383155822754e+00
6.668175756931304932e-02 1.441128551959991455e-01 -1.196316838264465332e+00
7.232155650854110718e-02 1.440469324588775635e-01 -1.196277141571044922e+00
7.790917158126831055e-02 1.438941955566406250e-01 -1.195550441741943359e+00
6.111473590135574341e-02 1.386802196502685547e-01 -1.196857094764709473e+00
6.710188835859298706e-02 1.393122076988220215e-01 -1.202797412872314453e+00
7.268311083316802979e-02 1.390684098005294800e-01 -1.201214790344238281e+00
7.848583906888961792e-02 1.392530649900436401e-01 -1.203368544578552246e+00
8.462475240230560303e-02 1.399687379598617554e-01 -1.210149407386779785e+00
6.728229671716690063e-02 1.339627802371978760e-01 -1.204990029335021973e+00
7.322794198989868164e-02 1.343694925308227539e-01 -1.209186911582946777e+00
7.930614799261093140e-02 1.349426358938217163e-01 -1.214922189712524414e+00
8.402453362941741943e-02 1.332811117172241211e-01 -1.200568795204162598e+00
6.752022355794906616e-02 1.286922544240951538e-01 -1.208227634429931641e+00
7.370962947607040405e-02 1.294742375612258911e-01 -1.216122865676879883e+00
7.910896092653274536e-02 1.288555860519409180e-01 -1.210901021957397461e+00
6.767290085554122925e-02 1.232260465621948242e-01 -1.209957838058471680e+00
7.359112799167633057e-02 1.234962269663810730e-01 -1.213175058364868164e+00
7.921744883060455322e-02 1.232728883624076843e-01 -1.211583137512207031e+00
6.786215305328369141e-02 1.177973300218582153e-01 -1.212363243103027344e+00
7.373347133398056030e-02 1.179541051387786865e-01 -1.214553356170654297e+00
7.970032095909118652e-02 1.182297915220260620e-01 -1.218009710311889648e+00
6.815230101346969604e-02 1.125029772520065308e-01 -1.216593146324157715e+00
7.406303286552429199e-02 1.126744747161865234e-01 -1.219037890434265137e+00
7.982849329710006714e-02 1.126160919666290283e-01 -1.219036579132080078e+00
6.853658705949783325e-02 1.073066368699073792e-01 -1.222525715827941895e+00
7.418100535869598389e-02 1.070378497242927551e-01 -1.220064997673034668e+00
7.954566180706024170e-02 1.064338237047195435e-01 -1.213819265365600586e+00
6.869358569383621216e-02 1.017083972692489624e-01 -1.224430680274963379e+00
7.436092942953109741e-02 1.014672741293907166e-01 -1.222140908241271973e+00
7.955964654684066772e-02 1.006682440638542175e-01 -1.213167071342468262e+00
6.876146048307418823e-02 9.595905989408493042e-02 -1.224780321121215820e+00
7.444144040346145630e-02 9.574062377214431763e-02 -1.222615718841552734e+00
7.961240410804748535e-02 9.494687616825103760e-02 -1.213140487670898438e+00
6.873141229152679443e-02 9.006986767053604126e-02 -1.223423957824707031e+00
7.452480494976043701e-02 9.000478684902191162e-02 -1.223173499107360840e+00
7.978959381580352783e-02 8.935719728469848633e-02 -1.215044736862182617e+00
6.219762191176414490e-02 8.330311626195907593e-02 -1.208705067634582520e+00
6.881571561098098755e-02 8.432588726282119751e-02 -1.224142670631408691e+00
7.457221299409866333e-02 8.421528339385986328e-02 -1.223179697990417480e+00
8.016289770603179932e-02 8.394711464643478394e-02 -1.219969511032104492e+00
6.322141736745834351e-02 7.879567891359329224e-02 -1.227850914001464844e+00
6.900741904973983765e-02 7.869005203247070312e-02 -1.226811885833740234e+00
7.468825578689575195e-02 7.849045842885971069e-02 -1.224352121353149414e+00
8.048790693283081055e-02 7.843568921089172363e-02 -1.224194169044494629e+00
6.348511576652526855e-02 7.322118431329727173e-02 -1.232264637947082520e+00
6.926283240318298340e-02 7.308881729841232300e-02 -1.230653643608093262e+00
7.495659589767456055e-02 7.289556413888931274e-02 -1.228061914443969727e+00
8.086536824703216553e-02 7.292430102825164795e-02 -1.229254126548767090e+00
6.364059448242187500e-02 6.748290359973907471e-02 -1.234620809555053711e+00
6.948480010032653809e-02 6.741168349981307983e-02 -1.233943223953247070e+00
7.541364431381225586e-02 6.742730736732482910e-02 -1.234902858734130859e+00
8.164011687040328979e-02 6.768742948770523071e-02 -1.240389704704284668e+00
6.968496739864349365e-02 6.167748570442199707e-02 -1.236890435218811035e+00
7.562196254730224609e-02 6.168449670076370239e-02 -1.237713456153869629e+00
8.164840191602706909e-02 6.175814941525459290e-02 -1.239921569824218750e+00
6.987316161394119263e-02 5.589964613318443298e-02 -1.239672183990478516e+00
7.568408548831939697e-02 5.580122768878936768e-02 -1.238178849220275879e+00
8.143220841884613037e-02 5.567418411374092102e-02 -1.236094951629638672e+00
7.005122303962707520e-02 5.008254200220108032e-02 -1.242323398590087891e+00
7.573791593313217163e-02 4.990275576710700989e-02 -1.238559246063232422e+00
8.198697865009307861e-02 5.009271577000617981e-02 -1.244020104408264160e+00
7.030697166919708252e-02 4.428407922387123108e-02 -1.246403098106384277e+00
7.558809220790863037e-02 4.387762397527694702e-02 -1.235662341117858887e+00
8.252518624067306519e-02 4.442165791988372803e-02 -1.251739740371704102e+00
7.056830823421478271e-02 3.844513744115829468e-02 -1.250633478164672852e+00
7.649429887533187866e-02 3.840620070695877075e-02 -1.250078916549682617e+00
8.228436112403869629e-02 3.830964118242263794e-02 -1.247695088386535645e+00
7.070494443178176880e-02 3.250440955162048340e-02 -1.252708196640014648e+00
7.645392417907714844e-02 3.239163383841514587e-02 -1.249077200889587402e+00
8.261719346046447754e-02 3.245801478624343872e-02 -1.252403497695922852e+00
7.083477079868316650e-02 2.653787657618522644e-02 -1.254718065261840820e+00
7.662493735551834106e-02 2.645637653768062592e-02 -1.251585125923156738e+00
8.388026803731918335e-02 2.685583010315895081e-02 -1.271263837814331055e+00
7.112360000610351562e-02 2.059530280530452728e-02 -1.259601473808288574e+00
7.730571180582046509e-02 2.063034661114215851e-02 -1.262474298477172852e+00
7.138142734766006470e-02 1.459724083542823792e-02 -1.263993144035339355e+00
7.769490033388137817e-02 1.464261300861835480e-02 -1.268657088279724121e+00
7.172918319702148438e-02 8.566049858927726746e-03 -1.270035982131958008e+00
7.783426344394683838e-02 8.566354401409626007e-03 -1.270818829536437988e+00
7.167369872331619263e-02 2.461838535964488983e-03 -1.268998861312866211e+00
7.794989645481109619e-02 2.467492362484335899e-03 -1.272652745246887207e+00
7.150988280773162842e-02 -3.627436701208353043e-03 -1.266104340553283691e+00
7.760836184024810791e-02 -3.628130303695797920e-03 -1.267082452774047852e+00
7.164411246776580811e-02 -9.729313664138317108e-03 -1.268547058105468750e+00
7.746028900146484375e-02 -9.694409556686878204e-03 -1.264730095863342285e+00
7.173011451959609985e-02 -1.584337837994098663e-02 -1.270196676254272461e+00
7.811982929706573486e-02 -1.590186543762683868e-02 -1.275624513626098633e+00
7.205136865377426147e-02 -2.204404957592487335e-02 -1.276072978973388672e+00
7.916642725467681885e-02 -2.232187800109386444e-02 -1.292902350425720215e+00
7.265433669090270996e-02 -2.840953879058361053e-02 -1.287001371383666992e+00
7.935252040624618530e-02 -2.859591133892536163e-02 -1.296189665794372559e+00
6.818318367004394531e-02 -3.548030555248260498e-02 -1.319721221923828125e+00
7.288697361946105957e-02 -3.470131009817123413e-02 -1.291432380676269531e+00
7.913487404584884644e-02 -3.472197428345680237e-02 -1.292941212654113770e+00
6.771814078092575073e-02 -4.153507202863693237e-02 -1.311098575592041016e+00
7.276855409145355225e-02 -4.083565622568130493e-02 -1.289702415466308594e+00
7.903235405683517456e-02 -4.087345302104949951e-02 -1.291630744934082031e+00
6.793370842933654785e-02 -4.798410087823867798e-02 -1.315711617469787598e+00
7.269109785556793213e-02 -4.697633534669876099e-02 -1.288755297660827637e+00
7.901043444871902466e-02 -4.705685377120971680e-02 -1.291694164276123047e+00
6.763230264186859131e-02 -5.405998229980468750e-02 -1.310369610786437988e+00
7.238249480724334717e-02 -5.293478444218635559e-02 -1.283764123916625977e+00
7.896925508975982666e-02 -5.322383716702461243e-02 -1.291498303413391113e+00
6.742145866155624390e-02 -6.016062945127487183e-02 -1.306835293769836426e+00
7.212481647729873657e-02 -5.888229981064796448e-02 -1.279727458953857422e+00
7.911104708909988403e-02 -5.952203646302223206e-02 -1.294350266456604004e+00
7.225492596626281738e-02 -7.128258794546127319e-02 -1.283263564109802246e+00
7.988164573907852173e-02 -7.262790948152542114e-02 -1.308194756507873535e+00
7.305460423231124878e-02 -7.828656584024429321e-02 -1.298163414001464844e+00
7.993275672197341919e-02 -7.894143462181091309e-02 -1.309727191925048828e+00
7.305048406124114990e-02 -8.449686318635940552e-02 -1.298836708068847656e+00
