5.393759533762931824e-02 3.450641632080078125e-01 -1.193058371543884277e+00
5.974531918764114380e-02 3.466783165931701660e-01 -1.198611497879028320e+00
3.031409345567226410e-02 3.234716951847076416e-01 -1.136759638786315918e+00
3.590598702430725098e-02 3.264166712760925293e-01 -1.147104859352111816e+00
4.160170257091522217e-02 3.294241726398468018e-01 -1.157667994499206543e+00
4.710436239838600159e-02 3.303905129432678223e-01 -1.161055922508239746e+00
5.363329499959945679e-02 3.376190364360809326e-01 -1.186447381973266602e+00
5.898873507976531982e-02 3.368030786514282227e-01 -1.183565855026245117e+00
6.424418091773986816e-02 3.356036245822906494e-01 -1.179332613945007324e+00
6.983843445777893066e-02 3.362233936786651611e-01 -1.181487798690795898e+00
7.560127973556518555e-02 3.375056385993957520e-01 -1.185965180397033691e+00
8.116009086370468140e-02 3.377649784088134766e-01 -1.186841845512390137e+00
8.668909221887588501e-02 3.378751873970031738e-01 -1.187187314033508301e+00
9.187892824411392212e-02 3.367291986942291260e-01 -1.183110952377319336e+00
9.698688238859176636e-02 3.354291617870330811e-01 -1.178484559059143066e+00
1.021239161491394043e-01 3.343629837036132812e-01 -1.174670100212097168e+00
1.068257912993431091e-01 3.320520818233489990e-01 -1.166472315788269043e+00
1.116013526916503906e-01 3.301819264888763428e-01 -1.159811377525329590e+00
1.156334653496742249e-01 3.263852000236511230e-01 -1.146371722221374512e+00
1.199012845754623413e-01 3.235582411289215088e-01 -1.136325716972351074e+00
2.461344189941883087e-02 3.127064108848571777e-01 -1.117115378379821777e+00
3.010352142155170441e-02 3.159933984279632568e-01 -1.128861546516418457e+00
3.556668013334274292e-02 3.180663883686065674e-01 -1.136270880699157715e+00
4.132654890418052673e-02 3.219159543514251709e-01 -1.150026440620422363e+00
4.701804369688034058e-02 3.244143128395080566e-01 -1.158954143524169922e+00
5.270116031169891357e-02 3.263485133647918701e-01 -1.165865063667297363e+00
5.862114578485488892e-02 3.292534351348876953e-01 -1.176241874694824219e+00
6.396776437759399414e-02 3.287176489830017090e-01 -1.174324154853820801e+00
6.920431554317474365e-02 3.277446627616882324e-01 -1.170841217041015625e+00
7.495377212762832642e-02 3.291655480861663818e-01 -1.175906181335449219e+00
8.076032251119613647e-02 3.306276500225067139e-01 -1.181113243103027344e+00
8.613808453083038330e-02 3.302600681781768799e-01 -1.179778099060058594e+00
9.158378839492797852e-02 3.301813602447509766e-01 -1.179468035697937012e+00
9.697516262531280518e-02 3.299266099929809570e-01 -1.178521394729614258e+00
1.022382378578186035e-01 3.292858302593231201e-01 -1.176187038421630859e+00
1.073943525552749634e-01 3.283828794956207275e-01 -1.172906398773193359e+00
1.122380495071411133e-01 3.266577124595642090e-01 -1.166678190231323242e+00
1.170701161026954651e-01 3.250588476657867432e-01 -1.160889506340026855e+00
1.213899925351142883e-01 3.222407996654510498e-01 -1.150734543800354004e+00
1.292612701654434204e-01 3.154126405715942383e-01 -1.126128077507019043e+00
1.921490766108036041e-02 3.040233254432678223e-01 -1.104289889335632324e+00
2.450431324541568756e-02 3.061659634113311768e-01 -1.112081170082092285e+00
2.970898151397705078e-02 3.066892027854919434e-01 -1.113991618156433105e+00
3.458603098988533020e-02 3.041761517524719238e-01 -1.104874610900878906e+00
3.953571245074272156e-02 3.028676509857177734e-01 -1.100133657455444336e+00
4.446638375520706177e-02 3.017291128635406494e-01 -1.096010208129882812e+00
4.960033297538757324e-02 3.020619750022888184e-01 -1.097231388092041016e+00
5.486610531806945801e-02 3.030610382556915283e-01 -1.100871801376342773e+00
5.985100194811820984e-02 3.024706542491912842e-01 -1.098737239837646484e+00
6.485057622194290161e-02 3.020412027835845947e-01 -1.097185492515563965e+00
6.982685625553131104e-02 3.015736341476440430e-01 -1.095492243766784668e+00
7.513028383255004883e-02 3.024865388870239258e-01 -1.098810315132141113e+00
8.023663610219955444e-02 3.025405108928680420e-01 -1.099004030227661133e+00
1.067156791687011719e-01 3.054435849189758301e-01 -1.109437823295593262e+00
1.116537600755691528e-01 3.048872053623199463e-01 -1.107367396354675293e+00
1.168221980333328247e-01 3.049811720848083496e-01 -1.107647180557250977e+00
1.226181238889694214e-01 3.066363632678985596e-01 -1.113583445549011230e+00
1.268358379602432251e-01 3.043705523014068604e-01 -1.105266213417053223e+00
1.318926215171813965e-01 3.042160570621490479e-01 -1.104600429534912109e+00
1.366105079650878906e-01 3.033206760883331299e-01 -1.101227760314941406e+00
1.400645915418863297e-02 2.969857752323150635e-01 -1.097032904624938965e+00
1.931360550224781036e-02 3.004407286643981934e-01 -1.109805822372436523e+00
2.448373101651668549e-02 3.007591664791107178e-01 -1.110995650291442871e+00
2.957987785339355469e-02 3.002160787582397461e-01 -1.109006047248840332e+00
3.451144695281982422e-02 2.984107434749603271e-01 -1.102355718612670898e+00
3.944926336407661438e-02 2.971180975437164307e-01 -1.097601056098937988e+00
4.448759555816650391e-02 2.967913448810577393e-01 -1.096415877342224121e+00
4.953680559992790222e-02 2.965967059135437012e-01 -1.095719933509826660e+00
5.425225198268890381e-02 2.946256995201110840e-01 -1.088461756706237793e+00
5.918919295072555542e-02 2.940905690193176270e-01 -1.086507916450500488e+00
6.434813141822814941e-02 2.946559488773345947e-01 -1.088618993759155273e+00
6.926173716783523560e-02 2.940973639488220215e-01 -1.086576104164123535e+00
7.433942705392837524e-02 2.942639887332916260e-01 -1.087210178375244141e+00
7.944911718368530273e-02 2.945280969142913818e-01 -1.088201403617858887e+00
8.435320854187011719e-02 2.940440177917480469e-01 -1.086423873901367188e+00
8.912656456232070923e-02 2.931843996047973633e-01 -1.083253979682922363e+00
9.419779479503631592e-02 2.933440506458282471e-01 -1.083844184875488281e+00
9.959597140550613403e-02 2.944541573524475098e-01 -1.087938785552978516e+00
1.047224998474121094e-01 2.946928739547729492e-01 -1.088805675506591797e+00
1.099643409252166748e-01 2.952192127704620361e-01 -1.090725898742675781e+00
1.152592897415161133e-01 2.958356142044067383e-01 -1.092967987060546875e+00
1.213595122098922729e-01 2.983799874782562256e-01 -1.102320790290832520e+00
1.268689036369323730e-01 2.993248105049133301e-01 -1.105750322341918945e+00
1.320642679929733276e-01 2.994841635227203369e-01 -1.106263160705566406e+00
1.366940736770629883e-01 2.983970046043395996e-01 -1.102155685424804688e+00
1.409738212823867798e-01 2.966516017913818359e-01 -1.095600128173828125e+00
1.411422248929738998e-02 2.941465675830841064e-01 -1.105246901512145996e+00
1.935304887592792511e-02 2.958996295928955078e-01 -1.111848592758178711e+00
2.447821013629436493e-02 2.955428361892700195e-01 -1.110526800155639648e+00
2.938525006175041199e-02 2.931341826915740967e-01 -1.101498603820800781e+00
3.435876965522766113e-02 2.920037508010864258e-01 -1.097276806831359863e+00
3.939517587423324585e-02 2.916303873062133789e-01 -1.095902800559997559e+00
4.431216046214103699e-02 2.905592620372772217e-01 -1.091909289360046387e+00
4.927241057157516479e-02 2.899623811244964600e-01 -1.089699983596801758e+00
5.413987115025520325e-02 2.889811992645263672e-01 -1.086047887802124023e+00
5.917669832706451416e-02 2.889941036701202393e-01 -1.086132526397705078e+00
6.415875256061553955e-02 2.887584567070007324e-01 -1.085283517837524414e+00
6.915820389986038208e-02 2.886296808719635010e-01 -1.084835529327392578e+00
7.414563000202178955e-02 2.884715795516967773e-01 -1.084276080131530762e+00
7.918463647365570068e-02 2.885214984416961670e-01 -1.084496498107910156e+00
8.425965905189514160e-02 2.886888086795806885e-01 -1.085155367851257324e+00
8.929544687271118164e-02 2.887104749679565430e-01 -1.085262656211853027e+00
9.418758749961853027e-02 2.882901132106781006e-01 -1.083703637123107910e+00
9.927853196859359741e-02 2.884900569915771484e-01 -1.084470152854919434e+00
1.046058982610702515e-01 2.893245816230773926e-01 -1.087615251541137695e+00
1.096918880939483643e-01 2.894454896450042725e-01 -1.088069319725036621e+00
1.152855530381202698e-01 2.908364832401275635e-01 -1.093288302421569824e+00
1.205915361642837524e-01 2.914152145385742188e-01 -1.095443010330200195e+00
1.261964440345764160e-01 2.926403582096099854e-01 -1.100015282630920410e+00
1.315479725599288940e-01 2.932055890560150146e-01 -1.102093100547790527e+00
1.371007412672042847e-01 2.941603362560272217e-01 -1.105619668960571289e+00
1.414384841918945312e-01 2.925332784652709961e-01 -1.099425792694091797e+00
1.420199498534202576e-02 2.908197343349456787e-01 -1.111827731132507324e+00
1.936597190797328949e-02 2.909390032291412354e-01 -1.112302303314208984e+00
2.445510216057300568e-02 2.901201844215393066e-01 -1.109195828437805176e+00
2.935863286256790161e-02 2.877667546272277832e-01 -1.100226759910583496e+00
3.435129299759864807e-02 2.868544459342956543e-01 -1.096772074699401855e+00
3.938028216361999512e-02 2.864416837692260742e-01 -1.095231413841247559e+00
4.435460269451141357e-02 2.857710421085357666e-01 -1.092708468437194824e+00
4.919816926121711731e-02 2.844817638397216797e-01 -1.087823152542114258e+00
5.423031002283096313e-02 2.844213545322418213e-01 -1.087639212608337402e+00
5.918290838599205017e-02 2.839894890785217285e-01 -1.086037039756774902e+00
6.414072215557098389e-02 2.836484313011169434e-01 -1.084783315658569336e+00
6.911575049161911011e-02 2.834275066852569580e-01 -1.083989858627319336e+00
7.408893108367919922e-02 2.832295298576354980e-01 -1.083283662796020508e+00
7.911980897188186646e-02 2.832632064819335938e-01 -1.083462715148925781e+00
8.417652547359466553e-02 2.833798825740814209e-01 -1.083957195281982422e+00
8.925402164459228516e-02 2.835493683815002441e-01 -1.084651112556457520e+00
9.433410316705703735e-02 2.837086021900177002e-01 -1.085301876068115234e+00
9.931445121765136719e-02 2.835669517517089844e-01 -1.084796786308288574e+00
1.043352782726287842e-01 2.835489809513092041e-01 -1.084758639335632324e+00
1.094942539930343628e-01 2.838907837867736816e-01 -1.086089849472045898e+00
1.149728149175643921e-01 2.849947810173034668e-01 -1.090328574180603027e+00
1.206300556659698486e-01 2.864300608634948730e-01 -1.095824956893920898e+00
1.258886903524398804e-01 2.868411839008331299e-01 -1.097391963005065918e+00
1.314508020877838135e-01 2.878849804401397705e-01 -1.101366758346557617e+00
1.371843218803405762e-01 2.892121076583862305e-01 -1.106411218643188477e+00
1.431294679641723633e-01 2.908737361431121826e-01 -1.112719178199768066e+00
9.009325876832008362e-03 2.845068871974945068e-01 -1.106957077980041504e+00
1.419371273368597031e-02 2.854971289634704590e-01 -1.110825538635253906e+00
1.936890743672847748e-02 2.858241796493530273e-01 -1.112120509147644043e+00
2.443248219788074493e-02 2.847129702568054199e-01 -1.107825756072998047e+00
2.926912158727645874e-02 2.818030416965484619e-01 -1.096537947654724121e+00
3.437702357769012451e-02 2.819797694683074951e-01 -1.097266316413879395e+00
3.944987431168556213e-02 2.818605601787567139e-01 -1.096848487854003906e+00
4.439969733357429504e-02 2.809898853302001953e-01 -1.093511462211608887e+00
4.931047558784484863e-02 2.800760269165039062e-01 -1.090010166168212891e+00
5.418070405721664429e-02 2.791231870651245117e-01 -1.086360931396484375e+00
5.918448418378829956e-02 2.789619565010070801e-01 -1.085795640945434570e+00
6.406410038471221924e-02 2.782866656780242920e-01 -1.083231806755065918e+00
6.909279525279998779e-02 2.783100605010986328e-01 -1.083389282226562500e+00
7.413455843925476074e-02 2.783793807029724121e-01 -1.083726406097412109e+00
7.911295443773269653e-02 2.782170474529266357e-01 -1.083161950111389160e+00
8.413512259721755981e-02 2.782188057899475098e-01 -1.083235621452331543e+00
8.930042386054992676e-02 2.786670327186584473e-01 -1.085045695304870605e+00
9.440459311008453369e-02 2.788868844509124756e-01 -1.085964083671569824e+00
9.943720698356628418e-02 2.788837850093841553e-01 -1.086010336875915527e+00
1.043679267168045044e-01 2.786089777946472168e-01 -1.084993600845336914e+00
1.096100956201553345e-01 2.791526317596435547e-01 -1.087157845497131348e+00
1.152664646506309509e-01 2.806569933891296387e-01 -1.093056559562683105e+00
1.204650476574897766e-01 2.809670269489288330e-01 -1.094295144081115723e+00
1.257600039243698120e-01 2.814676761627197266e-01 -1.096266150474548340e+00
1.313892155885696411e-01 2.826485037803649902e-01 -1.100874900817871094e+00
1.378213018178939819e-01 2.854036688804626465e-01 -1.111602067947387695e+00
1.434786021709442139e-01 2.864136695861816406e-01 -1.115517616271972656e+00
1.482716202735900879e-01 2.856881320476531982e-01 -1.112657070159912109e+00
9.021301753818988800e-03 2.797430753707885742e-01 -1.108013629913330078e+00
1.418411917984485626e-02 2.801545858383178711e-01 -1.109661936759948730e+00
1.932638324797153473e-02 2.800490558147430420e-01 -1.109270215034484863e+00
2.429474145174026489e-02 2.779979705810546875e-01 -1.101179718971252441e+00
2.928908728063106537e-02 2.769054472446441650e-01 -1.096893072128295898e+00
3.438278287649154663e-02 2.769366502761840820e-01 -1.097064614295959473e+00
3.946380689740180969e-02 2.768709063529968262e-01 -1.096858739852905273e+00
4.420301318168640137e-02 2.746959328651428223e-01 -1.088302731513977051e+00
4.913130030035972595e-02 2.740215361118316650e-01 -1.085696578025817871e+00
5.389232933521270752e-02 2.726263999938964844e-01 -1.080239295959472656e+00
5.900398269295692444e-02 2.730914652347564697e-01 -1.082156896591186523e+00
6.405048072338104248e-02 2.732057273387908936e-01 -1.082688212394714355e+00
6.912767142057418823e-02 2.734247148036956787e-01 -1.083637475967407227e+00
7.420523464679718018e-02 2.736154496669769287e-01 -1.084476947784423828e+00
7.915811985731124878e-02 2.733513712882995605e-01 -1.083515048027038574e+00
8.409109711647033691e-02 2.730541825294494629e-01 -1.082422018051147461e+00
8.929923176765441895e-02 2.736336290836334229e-01 -1.084803342819213867e+00
9.438023716211318970e-02 2.737825214862823486e-01 -1.085476160049438477e+00
9.935436397790908813e-02 2.736219763755798340e-01 -1.084919452667236328e+00
1.046162545680999756e-01 2.742312252521514893e-01 -1.087411165237426758e+00
1.096743941307067871e-01 2.742749154567718506e-01 -1.087655067443847656e+00
1.153250187635421753e-01 2.757313549518585205e-01 -1.093495249748229980e+00
1.204527243971824646e-01 2.758675217628479004e-01 -1.094092130661010742e+00
1.252231895923614502e-01 2.752075791358947754e-01 -1.091522455215454102e+00
1.312744170427322388e-01 2.773043811321258545e-01 -1.099875926971435547e+00
1.371362060308456421e-01 2.788592278957366943e-01 -1.106068372726440430e+00
1.431011259555816650e-01 2.805041670799255371e-01 -1.112604498863220215e+00
1.485538184642791748e-01 2.810655534267425537e-01 -1.114827513694763184e+00
3.868772648274898529e-03 2.738545835018157959e-01 -1.104520082473754883e+00
9.052685461938381195e-03 2.755563855171203613e-01 -1.111395597457885742e+00
1.421537809073925018e-02 2.756111323833465576e-01 -1.111637473106384277e+00
1.927919872105121613e-02 2.742303013801574707e-01 -1.106098175048828125e+00
2.432314865291118622e-02 2.732071578502655029e-01 -1.102010250091552734e+00
2.937760017812252045e-02 2.726370692253112793e-01 -1.099757909774780273e+00
3.435565903782844543e-02 2.716317772865295410e-01 -1.095757961273193359e+00
3.932449594140052795e-02 2.708222866058349609e-01 -1.092555284500122070e+00
4.431436210870742798e-02 2.703259885311126709e-01 -1.090623140335083008e+00
4.906322434544563293e-02 2.686119675636291504e-01 -1.083784222602844238e+00
5.403420329093933105e-02 2.683197259902954102e-01 -1.082687377929687500e+00
5.900618806481361389e-02 2.680817544460296631e-01 -1.081814765930175781e+00
6.408739835023880005e-02 2.683384716510772705e-01 -1.082942962646484375e+00
6.916531175374984741e-02 2.685450315475463867e-01 -1.083873152732849121e+00
7.427587360143661499e-02 2.688417434692382812e-01 -1.085170507431030273e+00
7.919361442327499390e-02 2.684471607208251953e-01 -1.083679676055908203e+00
8.406580239534378052e-02 2.679545283317565918e-01 -1.081793904304504395e+00
8.914508670568466187e-02 2.681402862071990967e-01 -1.082647442817687988e+00
9.422073513269424438e-02 2.682959139347076416e-01 -1.083378434181213379e+00
9.927173703908920288e-02 2.683691382408142090e-01 -1.083775043487548828e+00
1.044306159019470215e-01 2.687128782272338867e-01 -1.085261344909667969e+00
1.100721508264541626e-01 2.702098786830902100e-01 -1.091401696205139160e+00
1.151326149702072144e-01 2.702115178108215332e-01 -1.091497302055358887e+00
1.203008443117141724e-01 2.704553306102752686e-01 -1.092564344406127930e+00
1.258714199066162109e-01 2.715474069118499756e-01 -1.097050309181213379e+00
1.308300942182540894e-01 2.712858915328979492e-01 -1.096058487892150879e+00
1.367677599191665649e-01 2.729980349540710449e-01 -1.103029727935791016e+00
1.426782906055450439e-01 2.745345830917358398e-01 -1.109279394149780273e+00
1.483556628227233887e-01 2.755312323570251465e-01 -1.113333582878112793e+00
3.866433631628751755e-03 2.685640752315521240e-01 -1.103327870368957520e+00
9.081772528588771820e-03 2.712653279304504395e-01 -1.114438533782958984e+00
1.424131728708744049e-02 2.709437012672424316e-01 -1.113140940666198730e+00
1.930597424507141113e-02 2.694689929485321045e-01 -1.107116222381591797e+00
2.437407150864601135e-02 2.686525583267211914e-01 -1.103805780410766602e+00
2.939352206885814667e-02 2.676768302917480469e-01 -1.099850177764892578e+00
3.430354967713356018e-02 2.661411166191101074e-01 -1.093602538108825684e+00
3.929695487022399902e-02 2.655649483203887939e-01 -1.091306090354919434e+00
4.428251832723617554e-02 2.650734484195709229e-01 -1.089365720748901367e+00
4.925039038062095642e-02 2.645876407623291016e-01 -1.087456464767456055e+00
5.411397293210029602e-02 2.636840641498565674e-01 -1.083836674690246582e+00
5.913653224706649780e-02 2.636429667472839355e-01 -1.083768129348754883e+00
6.416057050228118896e-02 2.636143863201141357e-01 -1.083757162094116211e+00
6.917387992143630981e-02 2.635490596294403076e-01 -1.083599925041198730e+00
7.417053729295730591e-02 2.634334862232208252e-01 -1.083240270614624023e+00
7.916327565908432007e-02 2.633195221424102783e-01 -1.082890629768371582e+00
8.418208360671997070e-02 2.633007168769836426e-01 -1.082934379577636719e+00
8.915068209171295166e-02 2.631357908248901367e-01 -1.082378625869750977e+00
9.414304047822952271e-02 2.630549073219299316e-01 -1.082168579101562500e+00
9.924266487360000610e-02 2.632667124271392822e-01 -1.083161950111389160e+00
1.046162098646163940e-01 2.641497850418090820e-01 -1.086915612220764160e+00
1.097503006458282471e-01 2.643747925758361816e-01 -1.087958931922912598e+00
1.149728894233703613e-01 2.647838890552520752e-01 -1.089755296707153320e+00
1.205974221229553223e-01 2.660452425479888916e-01 -1.095054268836975098e+00
1.256547123193740845e-01 2.660038769245147705e-01 -1.094984412193298340e+00
1.310666948556900024e-01 2.666874229907989502e-01 -1.097890138626098633e+00
1.365012228488922119e-01 2.673640251159667969e-01 -1.100757598876953125e+00
1.424447596073150635e-01 2.689529359340667725e-01 -1.107369899749755859e+00
1.485481262207031250e-01 2.707225978374481201e-01 -1.114713788032531738e+00
1.532607823610305786e-01 2.699240148067474365e-01 -1.111467957496643066e+00
-1.253406633622944355e-03 2.623793482780456543e-01 -1.098313212394714355e+00
3.901196876540780067e-03 2.658077776432037354e-01 -1.112667560577392578e+00
9.097820147871971130e-03 2.665590643882751465e-01 -1.115827322006225586e+00
1.426667347550392151e-02 2.662465870380401611e-01 -1.114545702934265137e+00
1.931322738528251648e-02 2.644261121749877930e-01 -1.106962680816650391e+00
2.438322268426418304e-02 2.636249065399169922e-01 -1.103657364845275879e+00
2.941223606467247009e-02 2.627360522747039795e-01 -1.099995732307434082e+00
3.435585647821426392e-02 2.614605128765106201e-01 -1.094725251197814941e+00
3.926930949091911316e-02 2.603139877319335938e-01 -1.090004205703735352e+00
4.427492991089820862e-02 2.599706053733825684e-01 -1.088655114173889160e+00
4.928140342235565186e-02 2.597020864486694336e-01 -1.087628364562988281e+00
5.422516167163848877e-02 2.591837346553802490e-01 -1.085563302040100098e+00
5.918968841433525085e-02 2.588444352149963379e-01 -1.084255456924438477e+00
6.422421336174011230e-02 2.588404417037963867e-01 -1.084358930587768555e+00
6.915723532438278198e-02 2.584576606750488281e-01 -1.082881689071655273e+00
7.401125878095626831e-02 2.578515708446502686e-01 -1.080473303794860840e+00
7.916022092103958130e-02 2.582847177982330322e-01 -1.082424163818359375e+00
8.422582596540451050e-02 2.584104239940643311e-01 -1.083090186119079590e+00
8.922918885946273804e-02 2.583418190479278564e-01 -1.082944154739379883e+00
9.423260390758514404e-02 2.582806050777435303e-01 -1.082830429077148438e+00
9.925164282321929932e-02 2.582662701606750488e-01 -1.082913279533386230e+00
1.046604886651039124e-01 2.592187821865081787e-01 -1.087049722671508789e+00
1.096605435013771057e-01 2.591177821159362793e-01 -1.086766242980957031e+00
1.147232800722122192e-01 2.591672241687774658e-01 -1.087110519409179688e+00
1.202674880623817444e-01 2.602544426918029785e-01 -1.091803431510925293e+00
1.258974224328994751e-01 2.614318132400512695e-01 -1.096869230270385742e+00
1.312081515789031982e-01 2.618806362152099609e-01 -1.098871588706970215e+00
1.364929080009460449e-01 2.622460126876831055e-01 -1.100514650344848633e+00
1.421686261892318726e-01 2.633091807365417480e-01 -1.105075836181640625e+00
1.486954689025878906e-01 2.658199071884155273e-01 -1.115700960159301758e+00
1.540968716144561768e-01 2.662175893783569336e-01 -1.117443799972534180e+00
-1.263260724954307079e-03 2.592977285385131836e-01 -1.106321811676025391e+00
3.910402767360210419e-03 2.612518370151519775e-01 -1.114662528038024902e+00
9.112431667745113373e-03 2.617932558059692383e-01 -1.116988897323608398e+00
1.422616839408874512e-02 2.603258788585662842e-01 -1.110757112503051758e+00
1.932248286902904510e-02 2.594062685966491699e-01 -1.106874942779541016e+00
2.435638755559921265e-02 2.582118809223175049e-01 -1.101832151412963867e+00
2.942907996475696564e-02 2.577723562717437744e-01 -1.100022435188293457e+00
3.445503115653991699e-02 2.571142017841339111e-01 -1.097290754318237305e+00
3.923047706484794617e-02 2.549974620342254639e-01 -1.088344812393188477e+00
4.426294192671775818e-02 2.548441588878631592e-01 -1.087788581848144531e+00
4.930170625448226929e-02 2.547547817230224609e-01 -1.087515354156494141e+00
5.425988137722015381e-02 2.543043494224548340e-01 -1.085709929466247559e+00
5.927397683262825012e-02 2.541703283786773682e-01 -1.085263967514038086e+00
6.426016241312026978e-02 2.539470493793487549e-01 -1.084444642066955566e+00
6.910279393196105957e-02 2.532301843166351318e-01 -1.081524014472961426e+00
7.410186529159545898e-02 2.531448900699615479e-01 -1.081306934356689453e+00
7.915569096803665161e-02 2.532456219196319580e-01 -1.081889748573303223e+00
8.426461368799209595e-02 2.535000741481781006e-01 -1.083133935928344727e+00
8.922239392995834351e-02 2.532967627048492432e-01 -1.082425713539123535e+00
9.415536373853683472e-02 2.530484795570373535e-01 -1.081527113914489746e+00
9.947113692760467529e-02 2.538020610809326172e-01 -1.084912180900573730e+00
1.045271232724189758e-01 2.538520693778991699e-01 -1.085290193557739258e+00
1.096439361572265625e-01 2.540384531021118164e-01 -1.086250066757202148e+00
1.147448271512985229e-01 2.541731894016265869e-01 -1.086986660957336426e+00
1.202982813119888306e-01 2.552568316459655762e-01 -1.091778278350830078e+00
1.263200938701629639e-01 2.572065889835357666e-01 -1.100270748138427734e+00
1.314888745546340942e-01 2.573354840278625488e-01 -1.100968360900878906e+00
1.365070194005966187e-01 2.571709156036376953e-01 -1.100402116775512695e+00
1.421089470386505127e-01 2.580784559249877930e-01 -1.104413628578186035e+00
1.485235691070556641e-01 2.603473961353302002e-01 -1.114241003990173340e+00
1.537217795848846436e-01 2.604032456874847412e-01 -1.114584326744079590e+00
1.562398076057434082e-01 2.560628652572631836e-01 -1.096094489097595215e+00
-1.272720401175320148e-03 2.560564577579498291e-01 -1.113929033279418945e+00
3.924264106899499893e-03 2.569763362407684326e-01 -1.117934465408325195e+00
9.096696972846984863e-03 2.561562657356262207e-01 -1.114384531974792480e+00
1.424338389188051224e-02 2.554698288440704346e-01 -1.111429929733276367e+00
1.931374706327915192e-02 2.541447579860687256e-01 -1.105710506439208984e+00
2.437425777316093445e-02 2.532746791839599609e-01 -1.101983785629272461e+00
2.943802624940872192e-02 2.527350187301635742e-01 -1.099707365036010742e+00
3.449236601591110229e-02 2.522861659526824951e-01 -1.097838640213012695e+00
3.941353037953376770e-02 2.511046230792999268e-01 -1.092793464660644531e+00
4.432913288474082947e-02 2.501616179943084717e-01 -1.088797211647033691e+00
4.928060621023178101e-02 2.495936602354049683e-01 -1.086443781852722168e+00
5.428078770637512207e-02 2.493550479412078857e-01 -1.085534214973449707e+00
5.925888195633888245e-02 2.490642070770263672e-01 -1.084406852722167969e+00
6.419775635004043579e-02 2.486670911312103271e-01 -1.082825422286987305e+00
6.911322474479675293e-02 2.482436001300811768e-01 -1.081136703491210938e+00
7.413985580205917358e-02 2.482497692108154297e-01 -1.081326603889465332e+00
7.924537360668182373e-02 2.485025078058242798e-01 -1.082597017288208008e+00
8.423620462417602539e-02 2.483869194984436035e-01 -1.082268118858337402e+00
8.918043971061706543e-02 2.481546700000762939e-01 -1.081435322761535645e+00
9.409493207931518555e-02 2.478688508272171021e-01 -1.080371856689453125e+00
9.922619163990020752e-02 2.481540739536285400e-01 -1.081799626350402832e+00
1.044879108667373657e-01 2.487223595380783081e-01 -1.084462881088256836e+00
1.097118631005287170e-01 2.491526454687118530e-01 -1.086524724960327148e+00
1.149050816893577576e-01 2.494783848524093628e-01 -1.088129639625549316e+00
1.200975850224494934e-01 2.497752010822296143e-01 -1.089605927467346191e+00
1.262485533952713013e-01 2.519608736038208008e-01 -1.099319338798522949e+00
1.315956860780715942e-01 2.524348795413970947e-01 -1.101560473442077637e+00
1.365961432456970215e-01 2.522332668304443359e-01 -1.100846171379089355e+00
1.415507644414901733e-01 2.519646286964416504e-01 -1.099829792976379395e+00
1.471386253833770752e-01 2.528026401996612549e-01 -1.103633761405944824e+00
1.530646383762359619e-01 2.541457712650299072e-01 -1.109631657600402832e+00
1.582873612642288208e-01 2.542718350887298584e-01 -1.110302329063415527e+00
-6.421303842216730118e-03 2.495385110378265381e-01 -1.107295393943786621e+00
-1.279115094803273678e-03 2.521340250968933105e-01 -1.118801355361938477e+00
3.932142630219459534e-03 2.522802650928497314e-01 -1.119454145431518555e+00
9.126333519816398621e-03 2.517889440059661865e-01 -1.117293238639831543e+00
1.422092225402593613e-02 2.499040514230728149e-01 -1.108963489532470703e+00
1.933373883366584778e-02 2.492582648992538452e-01 -1.106146812438964844e+00
2.440299652516841888e-02 2.484406530857086182e-01 -1.102582097053527832e+00
2.946925349533557892e-02 2.478819787502288818e-01 -1.100180625915527344e+00
3.451170399785041809e-02 2.473181188106536865e-01 -1.097769618034362793e+00
3.954872488975524902e-02 2.468658238649368286e-01 -1.095866918563842773e+00
4.442407190799713135e-02 2.456229329109191895e-01 -1.090466737747192383e+00
4.929421842098236084e-02 2.446090728044509888e-01 -1.086094856262207031e+00
5.419747903943061829e-02 2.439327985048294067e-01 -1.083232283592224121e+00
5.922137573361396790e-02 2.438683509826660156e-01 -1.083097338676452637e+00
6.418922543525695801e-02 2.436013221740722656e-01 -1.082072377204895020e+00
6.919137388467788696e-02 2.434938102960586548e-01 -1.081765174865722656e+00
7.427172362804412842e-02 2.436574548482894897e-01 -1.082671046257019043e+00
7.931419461965560913e-02 2.436839044094085693e-01 -1.082974910736083984e+00
8.431194722652435303e-02 2.435780018568038940e-01 -1.082697033882141113e+00
8.919406682252883911e-02 2.431688308715820312e-01 -1.081075906753540039e+00
9.425712376832962036e-02 2.432702332735061646e-01 -1.081728816032409668e+00
9.927400201559066772e-02 2.432482391595840454e-01 -1.081836223602294922e+00
1.044862791895866394e-01 2.436840981245040894e-01 -1.083981990814208984e+00
1.097362786531448364e-01 2.441637665033340454e-01 -1.086324214935302734e+00
1.149558722972869873e-01 2.445366382598876953e-01 -1.088191151618957520e+00
1.201903373003005981e-01 2.449083924293518066e-01 -1.090051770210266113e+00
1.254369616508483887e-01 2.452739179134368896e-01 -1.091881513595581055e+00
1.310206204652786255e-01 2.462444454431533813e-01 -1.096400737762451172e+00
1.364671587944030762e-01 2.468943893909454346e-01 -1.099487185478210449e+00
1.416935473680496216e-01 2.471135407686233521e-01 -1.100647568702697754e+00
1.472133845090866089e-01 2.478114068508148193e-01 -1.103931069374084473e+00
1.530254334211349487e-01 2.489377260208129883e-01 -1.109112858772277832e+00
1.589112579822540283e-01 2.501069605350494385e-01 -1.114473938941955566e+00
-6.468303501605987549e-03 2.461718916893005371e-01 -1.114637255668640137e+00
-1.281630597077310085e-03 2.474106550216674805e-01 -1.120234012603759766e+00
3.934556618332862854e-03 2.472199499607086182e-01 -1.119374632835388184e+00
9.100720286369323730e-03 2.458950281143188477e-01 -1.113396286964416504e+00
1.421820838004350662e-02 2.446944564580917358e-01 -1.107996940612792969e+00
1.932879351079463959e-02 2.440462559461593628e-01 -1.105114936828613281e+00
2.444901689887046814e-02 2.437668442726135254e-01 -1.103918194770812988e+00
2.951880730688571930e-02 2.431690543889999390e-01 -1.101295232772827148e+00
3.454295545816421509e-02 2.424279600381851196e-01 -1.098037719726562500e+00
3.929224610328674316e-02 2.401977777481079102e-01 -1.088048815727233887e+00
4.433495178818702698e-02 2.400658875703811646e-01 -1.087577819824218750e+00
4.925934970378875732e-02 2.393860965967178345e-01 -1.084637403488159180e+00
5.415727198123931885e-02 2.387160360813140869e-01 -1.081752896308898926e+00
5.916887149214744568e-02 2.386184036731719971e-01 -1.081474065780639648e+00
6.423572450876235962e-02 2.387414425611495972e-01 -1.082206487655639648e+00
6.923153996467590332e-02 2.386017739772796631e-01 -1.081758260726928711e+00
7.432439178228378296e-02 2.387928068637847900e-01 -1.082818984985351562e+00
7.942441850900650024e-02 2.389811575412750244e-01 -1.083876252174377441e+00
8.434168994426727295e-02 2.386299818754196167e-01 -1.082493901252746582e+00
8.930923789739608765e-02 2.384525686502456665e-01 -1.081905603408813477e+00
9.419746696949005127e-02 2.380935996770858765e-01 -1.080498456954956055e+00
9.912524372339248657e-02 2.378658652305603027e-01 -1.079690337181091309e+00
1.045327782630920410e-01 2.387558668851852417e-01 -1.083958983421325684e+00
1.098651811480522156e-01 2.394003421068191528e-01 -1.087116003036499023e+00
1.152310669422149658e-01 2.400579303503036499e-01 -1.090334057807922363e+00
1.203468441963195801e-01 2.401610314846038818e-01 -1.091032981872558594e+00
1.254562884569168091e-01 2.402436435222625732e-01 -1.091636538505554199e+00
1.308727711439132690e-01 2.408850193023681641e-01 -1.094775438308715820e+00
1.363624930381774902e-01 2.416082024574279785e-01 -1.098281621932983398e+00
1.419516801834106445e-01 2.424491643905639648e-01 -1.102317214012145996e+00
1.475327014923095703e-01 2.432181388139724731e-01 -1.106017947196960449e+00
1.535472869873046875e-01 2.446262091398239136e-01 -1.112615823745727539e+00
1.590311825275421143e-01 2.451247125864028931e-01 -1.115065693855285645e+00
1.633999496698379517e-01 2.439271211624145508e-01 -1.109785199165344238e+00
-1.157254073768854141e-02 2.391426712274551392e-01 -1.105379343032836914e+00
-6.494411733001470566e-03 2.419514656066894531e-01 -1.118331432342529297e+00
-1.281480886973440647e-03 2.421631067991256714e-01 -1.119296431541442871e+00
3.931342624127864838e-03 2.418070733547210693e-01 -1.117655277252197266e+00
9.078673087060451508e-03 2.401246577501296997e-01 -1.109901189804077148e+00
1.420490350574254990e-02 2.393083572387695312e-01 -1.106167554855346680e+00
1.934991031885147095e-02 2.391590178012847900e-01 -1.105533838272094727e+00
2.444631420075893402e-02 2.385980933904647827e-01 -1.103014469146728516e+00
2.951530367136001587e-02 2.380110621452331543e-01 -1.100390791893005371e+00
3.451733663678169250e-02 2.371378540992736816e-01 -1.096459507942199707e+00
3.932166472077369690e-02 2.353067696094512939e-01 -1.088113784790039062e+00
4.432428628206253052e-02 2.349450588226318359e-01 -1.086576819419860840e+00
4.933726415038108826e-02 2.347068041563034058e-01 -1.085624814033508301e+00
5.424299463629722595e-02 2.340500950813293457e-01 -1.082750439643859863e+00
5.925524234771728516e-02 2.339256405830383301e-01 -1.082350730895996094e+00
6.426517665386199951e-02 2.338122725486755371e-01 -1.082014441490173340e+00
6.899689882993698120e-02 2.327767610549926758e-01 -1.077421426773071289e+00
7.418831437826156616e-02 2.333274036645889282e-01 -1.080179810523986816e+00
7.924832403659820557e-02 2.334210723638534546e-01 -1.080832719802856445e+00
8.445391803979873657e-02 2.339068055152893066e-01 -1.083310008049011230e+00
8.928099274635314941e-02 2.333485037088394165e-01 -1.080959200859069824e+00
9.418250620365142822e-02 2.330339103937149048e-01 -1.079742670059204102e+00
9.925353527069091797e-02 2.331493794918060303e-01 -1.080523610115051270e+00
1.046254634857177734e-01 2.339264601469039917e-01 -1.084375500679016113e+00
1.098733469843864441e-01 2.343675196170806885e-01 -1.086673378944396973e+00
1.153120025992393494e-01 2.351588755846023560e-01 -1.090597867965698242e+00
1.204106509685516357e-01 2.352193742990493774e-01 -1.091133594512939453e+00
1.255388706922531128e-01 2.353304177522659302e-01 -1.091902017593383789e+00
1.310082972049713135e-01 2.360476553440093994e-01 -1.095480561256408691e+00
1.363543272018432617e-01 2.364972382783889771e-01 -1.097813367843627930e+00
1.419317871332168579e-01 2.373013496398925781e-01 -1.101786613464355469e+00
1.479456722736358643e-01 2.387538105249404907e-01 -1.108764052391052246e+00
1.537402719259262085e-01 2.397666573524475098e-01 -1.113692402839660645e+00
1.592518389225006104e-01 2.402866333723068237e-01 -1.116320967674255371e+00
1.644757539033889771e-01 2.403534948825836182e-01 -1.116831302642822266e+00
1.666301190853118896e-01 2.360675483942031860e-01 -1.097097158432006836e+00
-1.172018796205520630e-02 2.369744777679443359e-01 -1.118642091751098633e+00
-6.503328680992126465e-03 2.370624542236328125e-01 -1.119024276733398438e+00
-1.282405224628746510e-03 2.371154278516769409e-01 -1.119260191917419434e+00
3.932052291929721832e-03 2.366388440132141113e-01 -1.117015361785888672e+00
9.088120423257350922e-03 2.351944744586944580e-01 -1.110221028327941895e+00
1.423262059688568115e-02 2.346081733703613281e-01 -1.107495665550231934e+00
1.933769509196281433e-02 2.338573932647705078e-01 -1.104011893272399902e+00
2.441570535302162170e-02 2.331639975309371948e-01 -1.100816845893859863e+00
2.947481535375118256e-02 2.325624525547027588e-01 -1.098072767257690430e+00
3.448269888758659363e-02 2.317947000265121460e-01 -1.094560503959655762e+00
3.949563205242156982e-02 2.312545478343963623e-01 -1.092139244079589844e+00
4.440654069185256958e-02 2.303086221218109131e-01 -1.087817072868347168e+00
4.939930140972137451e-02 2.299376428127288818e-01 -1.086225152015686035e+00
5.437645688652992249e-02 2.295697927474975586e-01 -1.084662437438964844e+00
5.931024625897407532e-02 2.290969789028167725e-01 -1.082617282867431641e+00
6.402976065874099731e-02 2.279355674982070923e-01 -1.077329874038696289e+00
6.916421651840209961e-02 2.283127456903457642e-01 -1.079326272010803223e+00
7.415568828582763672e-02 2.281988114118576050e-01 -1.079012751579284668e+00
7.915214449167251587e-02 2.281136959791183472e-01 -1.078845620155334473e+00
8.420442044734954834e-02 2.281899899244308472e-01 -1.079451322555541992e+00
8.949798345565795898e-02 2.288747429847717285e-01 -1.082944512367248535e+00
9.429315477609634399e-02 2.282798886299133301e-01 -1.080390334129333496e+00
9.933150559663772583e-02 2.283042073249816895e-01 -1.080771684646606445e+00
1.046352386474609375e-01 2.289067208766937256e-01 -1.083895683288574219e+00
1.098409369587898254e-01 2.292492538690567017e-01 -1.085793018341064453e+00
1.150154918432235718e-01 2.294995337724685669e-01 -1.087256073951721191e+00
1.202995926141738892e-01 2.299381345510482788e-01 -1.089612603187561035e+00
1.255813688039779663e-01 2.303370088338851929e-01 -1.091781020164489746e+00
1.311155706644058228e-01 2.311499565839767456e-01 -1.095910906791687012e+00
1.364020556211471558e-01 2.314817011356353760e-01 -1.097756862640380859e+00
1.418033391237258911e-01 2.319773733615875244e-01 -1.100375294685363770e+00
1.480960398912429810e-01 2.338460981845855713e-01 -1.109501957893371582e+00
1.535085588693618774e-01 2.342461496591567993e-01 -1.111653685569763184e+00
1.592999249696731567e-01 2.351794391870498657e-01 -1.116326332092285156e+00
1.647500544786453247e-01 2.355660647153854370e-01 -1.118392705917358398e+00
1.692336797714233398e-01 2.345893085002899170e-01 -1.113970875740051270e+00
-1.690242998301982880e-02 2.312486022710800171e-01 -1.115379333496093750e+00
-1.173862349241971970e-02 2.321197688579559326e-01 -1.119526147842407227e+00
-6.522479467093944550e-03 2.325239628553390503e-01 -1.121440410614013672e+00
-1.282641198486089706e-03 2.319357246160507202e-01 -1.118588447570800781e+00
3.932817839086055756e-03 2.314720302820205688e-01 -1.116357207298278809e+00
9.114955551922321320e-03 2.306935787200927734e-01 -1.112627983093261719e+00
1.424358505755662918e-02 2.296177744865417480e-01 -1.107484102249145508e+00
1.928792893886566162e-02 2.281182259321212769e-01 -1.100315570831298828e+00
2.427572011947631836e-02 2.267212569713592529e-01 -1.093660116195678711e+00
2.943485416471958160e-02 2.271320074796676636e-01 -1.095743179321289062e+00
3.450617566704750061e-02 2.268438637256622314e-01 -1.094473123550415039e+00
3.949225321412086487e-02 2.261418700218200684e-01 -1.091223835945129395e+00
4.448185861110687256e-02 2.256181687116622925e-01 -1.088851213455200195e+00
4.946362599730491638e-02 2.251661717891693115e-01 -1.086840629577636719e+00
5.441705137491226196e-02 2.246811985969543457e-01 -1.084686160087585449e+00
5.922894552350044250e-02 2.237440943717956543e-01 -1.080363035202026367e+00
6.429054588079452515e-02 2.238232791423797607e-01 -1.080960392951965332e+00
6.925983726978302002e-02 2.235929220914840698e-01 -1.080076456069946289e+00
7.428080588579177856e-02 2.235493510961532593e-01 -1.080106616020202637e+00
7.920827716588973999e-02 2.232477813959121704e-01 -1.078901410102844238e+00
8.424600213766098022e-02 2.232743948698043823e-01 -1.079292297363281250e+00
8.948143571615219116e-02 2.237924784421920776e-01 -1.082068920135498047e+00
9.445047378540039062e-02 2.236246019601821899e-01 -1.081537246704101562e+00
9.928040206432342529e-02 2.231610268354415894e-01 -1.079581499099731445e+00
1.044804006814956665e-01 2.235338836908340454e-01 -1.081677556037902832e+00
1.097040772438049316e-01 2.239207923412322998e-01 -1.083846807479858398e+00
1.148483529686927795e-01 2.241187393665313721e-01 -1.085105061531066895e+00
1.200626119971275330e-01 2.244308441877365112e-01 -1.086917996406555176e+00
1.253913938999176025e-01 2.249231636524200439e-01 -1.089604735374450684e+00
1.307775080204010010e-01 2.254760861396789551e-01 -1.092584729194641113e+00
1.364630907773971558e-01 2.264847159385681152e-01 -1.097771644592285156e+00
1.422741264104843140e-01 2.276213467121124268e-01 -1.103576898574829102e+00
1.479865312576293945e-01 2.285266071557998657e-01 -1.108256459236145020e+00
1.536276191473007202e-01 2.292646318674087524e-01 -1.112118363380432129e+00
1.592502593994140625e-01 2.299280017614364624e-01 -1.115609645843505859e+00
1.648696064949035645e-01 2.305449992418289185e-01 -1.118865370750427246e+00
1.700403243303298950e-01 2.305161207914352417e-01 -1.118973135948181152e+00
-1.702016405761241913e-02 2.276152372360229492e-01 -1.122241616249084473e+00
-1.180313341319561005e-02 2.281391620635986328e-01 -1.124766349792480469e+00
-6.527773570269346237e-03 2.274718582630157471e-01 -1.121439099311828613e+00
-1.284116064198315144e-03 2.269731014966964722e-01 -1.118964314460754395e+00
3.936602734029293060e-03 2.264768630266189575e-01 -1.116523385047912598e+00
9.110013023018836975e-03 2.253759503364562988e-01 -1.111122488975524902e+00
1.422782149165868759e-02 2.241982370615005493e-01 -1.105363488197326660e+00
1.920852996408939362e-02 2.220629304647445679e-01 -1.094903230667114258e+00
2.435201220214366913e-02 2.223118543624877930e-01 -1.096218347549438477e+00
2.941384352743625641e-02 2.218583822250366211e-01 -1.094089984893798828e+00
3.449293971061706543e-02 2.216501235961914062e-01 -1.093189835548400879e+00
3.941573575139045715e-02 2.206207364797592163e-01 -1.088258385658264160e+00
4.451429843902587891e-02 2.206979393959045410e-01 -1.088802933692932129e+00
4.949728026986122131e-02 2.202450484037399292e-01 -1.086749792098999023e+00
5.440692231059074402e-02 2.195803523063659668e-01 -1.083667755126953125e+00
5.936658009886741638e-02 2.192134559154510498e-01 -1.082070589065551758e+00
6.439440697431564331e-02 2.191360890865325928e-01 -1.081917524337768555e+00
6.937973201274871826e-02 2.189358174800872803e-01 -1.081171870231628418e+00
7.434942573308944702e-02 2.187167406082153320e-01 -1.080346226692199707e+00
7.938744127750396729e-02 2.187136858701705933e-01 -1.080599904060363770e+00
8.447638899087905884e-02 2.188429385423660278e-01 -1.081518769264221191e+00
8.943107724189758301e-02 2.186294198036193848e-01 -1.080753803253173828e+00
9.443926811218261719e-02 2.185624986886978149e-01 -1.080722093582153320e+00
9.945975989103317261e-02 2.185293883085250854e-01 -1.080865025520324707e+00
1.044969633221626282e-01 2.185343801975250244e-01 -1.081203103065490723e+00
1.097899153828620911e-01 2.190492153167724609e-01 -1.084069252014160156e+00
1.148760244250297546e-01 2.191242426633834839e-01 -1.084763407707214355e+00
1.200830042362213135e-01 2.194137871265411377e-01 -1.086522221565246582e+00
1.253812462091445923e-01 2.198399454355239868e-01 -1.088959336280822754e+00
1.306667178869247437e-01 2.202114909887313843e-01 -1.091126203536987305e+00
1.365922540426254272e-01 2.215936779975891113e-01 -1.098300695419311523e+00
1.423334181308746338e-01 2.225878983736038208e-01 -1.103551626205444336e+00
1.480331420898437500e-01 2.234504371881484985e-01 -1.108146429061889648e+00
1.536784768104553223e-01 2.241756319999694824e-01 -1.112054586410522461e+00
1.594307571649551392e-01 2.250046283006668091e-01 -1.116470336914062500e+00
1.653618365526199341e-01 2.260257899761199951e-01 -1.121830582618713379e+00
1.705416887998580933e-01 2.259891480207443237e-01 -1.121928453445434570e+00
-1.714896038174629211e-02 2.240538299083709717e-01 -1.129790782928466797e+00
-1.183288544416427612e-02 2.234447747468948364e-01 -1.126657843589782715e+00
-6.534168962389230728e-03 2.224487513303756714e-01 -1.121596336364746094e+00
-1.284415135160088539e-03 2.217953652143478394e-01 -1.118285179138183594e+00
3.940809052437543869e-03 2.214953899383544922e-01 -1.116778373718261719e+00
9.092890657484531403e-03 2.197695523500442505e-01 -1.108104586601257324e+00
1.418846566230058670e-02 2.184269726276397705e-01 -1.101384997367858887e+00
1.932129450142383575e-02 2.182203233242034912e-01 -1.100414514541625977e+00
2.436214499175548553e-02 2.172802835702896118e-01 -1.095766782760620117e+00
2.945617586374282837e-02 2.170588076114654541e-01 -1.094763636589050293e+00
3.434984013438224792e-02 2.156450599431991577e-01 -1.087766647338867188e+00
3.946874663233757019e-02 2.158276438713073730e-01 -1.088841199874877930e+00
4.446437209844589233e-02 2.153713554143905640e-01 -1.086712121963500977e+00
4.948262125253677368e-02 2.151069641113281250e-01 -1.085569500923156738e+00
5.446196347475051880e-02 2.147383540868759155e-01 -1.083918452262878418e+00
5.943837389349937439e-02 2.144218981266021729e-01 -1.082546949386596680e+00
6.444778293371200562e-02 2.142647504806518555e-01 -1.081995964050292969e+00
6.938393414020538330e-02 2.139046043157577515e-01 -1.080434560775756836e+00
7.439190149307250977e-02 2.137996852397918701e-01 -1.080176353454589844e+00
7.941559702157974243e-02 2.137504369020462036e-01 -1.080212473869323730e+00
8.447112888097763062e-02 2.137876152992248535e-01 -1.080697774887084961e+00
8.943440765142440796e-02 2.136002928018569946e-01 -1.080059170722961426e+00
9.432318061590194702e-02 2.132644504308700562e-01 -1.078678727149963379e+00
9.946617484092712402e-02 2.135083526372909546e-01 -1.080239057540893555e+00
1.048705652356147766e-01 2.142627835273742676e-01 -1.084391236305236816e+00
1.099520549178123474e-01 2.143184691667556763e-01 -1.085014224052429199e+00
1.150768101215362549e-01 2.144498974084854126e-01 -1.086025595664978027e+00
1.201876252889633179e-01 2.145453542470932007e-01 -1.086858034133911133e+00
1.255065202713012695e-01 2.149895578622817993e-01 -1.089459538459777832e+00
1.312782615423202515e-01 2.161448448896408081e-01 -1.095667123794555664e+00
1.368725746870040894e-01 2.169325500726699829e-01 -1.100012779235839844e+00
1.423984766006469727e-01 2.175589948892593384e-01 -1.103539347648620605e+00
1.479901373386383057e-01 2.182388007640838623e-01 -1.107333779335021973e+00
1.536928415298461914e-01 2.190312296152114868e-01 -1.111694693565368652e+00
1.596839874982833862e-01 2.201697826385498047e-01 -1.117806673049926758e+00
1.656690388917922974e-01 2.212284803390502930e-01 -1.123505711555480957e+00
1.709346771240234375e-01 2.212911993265151978e-01 -1.124135494232177734e+00
1.745889186859130859e-01 2.193259000778198242e-01 -1.114446043968200684e+00
-2.212137728929519653e-02 2.157330811023712158e-01 -1.113238215446472168e+00
-1.714991778135299683e-02 2.187822014093399048e-01 -1.128883719444274902e+00
-1.186511758714914322e-02 2.187696397304534912e-01 -1.128753662109375000e+00
-6.525923032313585281e-03 2.169286906719207764e-01 -1.119213938713073730e+00
-1.284234225749969482e-03 2.165343016386032104e-01 -1.117161512374877930e+00
3.940539900213479996e-03 2.162571251392364502e-01 -1.115737557411193848e+00
9.086864069104194641e-03 2.144445627927780151e-01 -1.106415271759033203e+00
1.424632687121629715e-02 2.141455858945846558e-01 -1.104925274848937988e+00
1.935515739023685455e-02 2.134475111961364746e-01 -1.101398706436157227e+00
2.444400638341903687e-02 2.128690630197525024e-01 -1.098511695861816406e+00
2.937261760234832764e-02 2.113387435674667358e-01 -1.090733766555786133e+00
3.439947217702865601e-02 2.108637690544128418e-01 -1.088422894477844238e+00
3.941549733281135559e-02 2.104534804821014404e-01 -1.086466670036315918e+00
4.443022236227989197e-02 2.101307809352874756e-01 -1.084982514381408691e+00
4.945056885480880737e-02 2.098980993032455444e-01 -1.083982467651367188e+00
5.448022857308387756e-02 2.097445577383041382e-01 -1.083409905433654785e+00
5.943514034152030945e-02 2.093538194894790649e-01 -1.081629872322082520e+00
6.440657377243041992e-02 2.090780138969421387e-01 -1.080460190773010254e+00
6.937142461538314819e-02 2.088224887847900391e-01 -1.079411268234252930e+00
7.438928633928298950e-02 2.087503522634506226e-01 -1.079325199127197266e+00
7.933213561773300171e-02 2.084902375936508179e-01 -1.078281164169311523e+00
8.445223420858383179e-02 2.086991965770721436e-01 -1.079676151275634766e+00
8.930889517068862915e-02 2.082702964544296265e-01 -1.077782988548278809e+00
9.428058564662933350e-02 2.081410437822341919e-01 -1.077450513839721680e+00
9.951892495155334473e-02 2.085837572813034058e-01 -1.080088973045349121e+00
1.049093976616859436e-01 2.092873305082321167e-01 -1.084088087081909180e+00
1.101510599255561829e-01 2.096429765224456787e-01 -1.086293697357177734e+00
1.151055246591567993e-01 2.094447910785675049e-01 -1.085635185241699219e+00
1.202695891261100769e-01 2.096286267042160034e-01 -1.086960554122924805e+00
1.256210952997207642e-01 2.101111114025115967e-01 -1.089837908744812012e+00
1.311827898025512695e-01 2.108940482139587402e-01 -1.094276666641235352e+00
1.369239836931228638e-01 2.118962407112121582e-01 -1.099855303764343262e+00
1.424054801464080811e-01 2.124387770891189575e-01 -1.103048086166381836e+00
1.478527486324310303e-01 2.128943204879760742e-01 -1.105786561965942383e+00
1.534058898687362671e-01 2.134665548801422119e-01 -1.109126567840576172e+00
1.594087630510330200e-01 2.146070152521133423e-01 -1.115413784980773926e+00
1.650862693786621094e-01 2.152514457702636719e-01 -1.119115710258483887e+00
1.705780625343322754e-01 2.156217396259307861e-01 -1.121382117271423340e+00
1.752964258193969727e-01 2.150214165449142456e-01 -1.118586182594299316e+00
1.791477948427200317e-01 2.134227752685546875e-01 -1.110577702522277832e+00
-2.237042970955371857e-02 2.128927856683731079e-01 -1.124784469604492188e+00
-1.716230250895023346e-02 2.136522829532623291e-01 -1.128704071044921875e+00
-1.183052640408277512e-02 2.128634154796600342e-01 -1.124468207359313965e+00
-6.527610123157501221e-03 2.117440700531005859e-01 -1.118511915206909180e+00
-1.283530378714203835e-03 2.111886888742446899e-01 -1.115559697151184082e+00
3.933880012482404709e-03 2.106773406267166138e-01 -1.112864971160888672e+00
9.121508337557315826e-03 2.100630253553390503e-01 -1.109650850296020508e+00
1.424732804298400879e-02 2.089881151914596558e-01 -1.104027748107910156e+00
1.940240338444709778e-02 2.088006734848022461e-01 -1.103116750717163086e+00
2.447254024446010590e-02 2.079702466726303101e-01 -1.098832249641418457e+00
2.945291623473167419e-02 2.067982256412506104e-01 -1.092765092849731445e+00
3.443155810236930847e-02 2.059628367424011230e-01 -1.088498473167419434e+00
3.944577276706695557e-02 2.055282592773437500e-01 -1.086371421813964844e+00
4.446708410978317261e-02 2.052257210016250610e-01 -1.084963321685791016e+00
4.948007315397262573e-02 2.049507647752761841e-01 -1.083721280097961426e+00
5.450864881277084351e-02 2.047854959964752197e-01 -1.083078980445861816e+00
5.949534475803375244e-02 2.045043706893920898e-01 -1.081842780113220215e+00
6.439913064241409302e-02 2.040046900510787964e-01 -1.079467892646789551e+00
6.939860433340072632e-02 2.038587629795074463e-01 -1.078981399536132812e+00
7.442778348922729492e-02 2.038139551877975464e-01 -1.079046249389648438e+00
7.956580072641372681e-02 2.040539681911468506e-01 -1.080634713172912598e+00
8.447305858135223389e-02 2.037088423967361450e-01 -1.079138398170471191e+00
8.942414075136184692e-02 2.035023123025894165e-01 -1.078388333320617676e+00
9.436827152967453003e-02 2.033028453588485718e-01 -1.077686786651611328e+00
9.962258487939834595e-02 2.037579864263534546e-01 -1.080465912818908691e+00
1.049375385046005249e-01 2.042873352766036987e-01 -1.083649396896362305e+00
1.101220622658729553e-01 2.045257538557052612e-01 -1.085298776626586914e+00
1.152256354689598083e-01 2.045994848012924194e-01 -1.086080908775329590e+00
1.202622950077056885e-01 2.045531868934631348e-01 -1.086230754852294922e+00
1.254836320877075195e-01 2.048120647668838501e-01 -1.088004350662231445e+00
1.310559660196304321e-01 2.056014984846115112e-01 -1.092599987983703613e+00
1.367599815130233765e-01 2.065307497978210449e-01 -1.097941756248474121e+00
1.423473507165908813e-01 2.072232514619827271e-01 -1.102026104927062988e+00
1.478696912527084351e-01 2.077762037515640259e-01 -1.105367064476013184e+00
1.533512920141220093e-01 2.082366794347763062e-01 -1.108212232589721680e+00
1.581840068101882935e-01 2.078147232532501221e-01 -1.106353759765625000e+00
1.643645465373992920e-01 2.091342955827713013e-01 -1.113759279251098633e+00
1.699865162372589111e-01 2.096842676401138306e-01 -1.117058038711547852e+00
1.756137609481811523e-01 2.102079987525939941e-01 -1.120205640792846680e+00
1.803310662508010864e-01 2.096437066793441772e-01 -1.117539882659912109e+00
-2.756564877927303314e-02 2.070683985948562622e-01 -1.120892167091369629e+00
-2.242284268140792847e-02 2.081101089715957642e-01 -1.126408457756042480e+00
-1.713152602314949036e-02 2.079906910657882690e-01 -1.125664830207824707e+00
-1.182754524052143097e-02 2.075426876544952393e-01 -1.123168945312500000e+00
-6.529381964355707169e-03 2.065593898296356201e-01 -1.117802262306213379e+00
-1.283455756492912769e-03 2.059497535228729248e-01 -1.114483833312988281e+00
3.940416499972343445e-03 2.058044075965881348e-01 -1.113703846931457520e+00
9.118854999542236328e-03 2.048043310642242432e-01 -1.108324408531188965e+00
1.425585430115461349e-02 2.039376199245452881e-01 -1.103691577911376953e+00
1.938017830252647400e-02 2.033995687961578369e-01 -1.100862503051757812e+00
2.447653934359550476e-02 2.028560936450958252e-01 -1.098028659820556641e+00
2.949392609298229218e-02 2.019607275724411011e-01 -1.093313574790954590e+00
3.447000682353973389e-02 2.010895162820816040e-01 -1.088752031326293945e+00
3.947806730866432190e-02 2.006055265665054321e-01 -1.086309313774108887e+00
4.450305178761482239e-02 2.003082484006881714e-01 -1.084899663925170898e+00
4.953078180551528931e-02 2.000830173492431641e-01 -1.083901762962341309e+00
5.459421500563621521e-02 2.000305056571960449e-01 -1.083860278129577637e+00
5.958819389343261719e-02 1.997541189193725586e-01 -1.082625865936279297e+00
6.449960172176361084e-02 1.992659419775009155e-01 -1.080261945724487305e+00
6.943779438734054565e-02 1.989254951477050781e-01 -1.078716158866882324e+00
7.455302029848098755e-02 1.991039663553237915e-01 -1.080001473426818848e+00
7.954960316419601440e-02 1.989630609750747681e-01 -1.079570770263671875e+00
8.462008833885192871e-02 1.990127712488174438e-01 -1.080189347267150879e+00
8.961640298366546631e-02 1.988922953605651855e-01 -1.079897880554199219e+00
9.463347494602203369e-02 1.988282650709152222e-01 -1.079925298690795898e+00
9.963479638099670410e-02 1.987393051385879517e-01 -1.079828143119812012e+00
1.049193590879440308e-01 1.991966664791107178e-01 -1.082710027694702148e+00
1.101681590080261230e-01 1.995471864938735962e-01 -1.085021376609802246e+00
1.152656748890876770e-01 1.996049433946609497e-01 -1.085748434066772461e+00
1.202525645494461060e-01 1.994743198156356812e-01 -1.085456132888793945e+00
1.253677606582641602e-01 1.995584964752197266e-01 -1.086336374282836914e+00
1.307846009731292725e-01 2.000976204872131348e-01 -1.089696764945983887e+00
1.367426961660385132e-01 2.013936340808868408e-01 -1.097183227539062500e+00
1.423893868923187256e-01 2.021540999412536621e-01 -1.101755380630493164e+00
1.478954851627349854e-01 2.026690542697906494e-01 -1.104988932609558105e+00
1.532527208328247070e-01 2.029522508382797241e-01 -1.106955766677856445e+00
1.583706885576248169e-01 2.029104381799697876e-01 -1.107143521308898926e+00
1.640501320362091064e-01 2.035680264234542847e-01 -1.111140131950378418e+00
1.701162159442901611e-01 2.046505659818649292e-01 -1.117448925971984863e+00
1.756635904312133789e-01 2.050634771585464478e-01 -1.120091319084167480e+00
1.818775087594985962e-01 2.062083184719085693e-01 -1.126719951629638672e+00
-2.756122127175331116e-02 2.017809450626373291e-01 -1.119692206382751465e+00
-2.244339510798454285e-02 2.030145376920700073e-01 -1.126409292221069336e+00
-1.717586815357208252e-02 2.032369375228881836e-01 -1.127541422843933105e+00
-1.182159129530191422e-02 2.021737992763519287e-01 -1.121568799018859863e+00
-6.530559621751308441e-03 2.013535946607589722e-01 -1.116971373558044434e+00
-1.285598031245172024e-03 2.010581493377685547e-01 -1.115312218666076660e+00
3.941513132303953171e-03 2.006372660398483276e-01 -1.112984418869018555e+00
9.148744866251945496e-03 2.002610117197036743e-01 -1.110931158065795898e+00
1.426729932427406311e-02 1.989215910434722900e-01 -1.103561043739318848e+00
1.936807297170162201e-02 1.981137841939926147e-01 -1.099165916442871094e+00
2.447018958628177643e-02 1.976566612720489502e-01 -1.096741914749145508e+00
2.954945154488086700e-02 1.972058862447738647e-01 -1.094378232955932617e+00
3.451372683048248291e-02 1.962348073720932007e-01 -1.089151144027709961e+00
3.954248502850532532e-02 1.958335191011428833e-01 -1.087109923362731934e+00
4.458995535969734192e-02 1.956059932708740234e-01 -1.086056470870971680e+00
4.965643212199211121e-02 1.954999566078186035e-01 -1.085700154304504395e+00
5.470235645771026611e-02 1.953402608633041382e-01 -1.085067868232727051e+00
5.969109758734703064e-02 1.950208842754364014e-01 -1.083569526672363281e+00
6.445863097906112671e-02 1.940855532884597778e-01 -1.078667402267456055e+00
6.950833648443222046e-02 1.940740644931793213e-01 -1.078917622566223145e+00
7.449015229940414429e-02 1.938874274492263794e-01 -1.078212141990661621e+00
7.947678864002227783e-02 1.937362551689147949e-01 -1.077720522880554199e+00
8.463332056999206543e-02 1.939925402402877808e-01 -1.079511761665344238e+00
8.974902331829071045e-02 1.941316127777099609e-01 -1.080666422843933105e+00
9.470251202583312988e-02 1.939236968755722046e-01 -1.079902887344360352e+00
9.976451098918914795e-02 1.939478069543838501e-01 -1.080443024635314941e+00
1.048617288470268250e-01 1.940347552299499512e-01 -1.081344246864318848e+00
1.101000458002090454e-01 1.943627744913101196e-01 -1.083599090576171875e+00
1.152673140168190002e-01 1.945420652627944946e-01 -1.085033655166625977e+00
1.202456653118133545e-01 1.944008618593215942e-01 -1.084686756134033203e+00
1.251924037933349609e-01 1.942219883203506470e-01 -1.084133625030517578e+00
1.306221634149551392e-01 1.947772800922393799e-01 -1.087682247161865234e+00
1.364050060510635376e-01 1.957978904247283936e-01 -1.093834161758422852e+00
1.416750848293304443e-01 1.960354000329971313e-01 -1.095613598823547363e+00
1.479429602622985840e-01 1.975890547037124634e-01 -1.104750394821166992e+00
1.531053781509399414e-01 1.976114958524703979e-01 -1.105325460433959961e+00
1.585112512111663818e-01 1.979364454746246338e-01 -1.107587099075317383e+00
1.641421020030975342e-01 1.985130459070205688e-01 -1.111250758171081543e+00
1.698910295963287354e-01 1.991928815841674805e-01 -1.115485072135925293e+00
1.760155111551284790e-01 2.002596855163574219e-01 -1.121877908706665039e+00
1.825465410947799683e-01 2.017143666744232178e-01 -1.130434632301330566e+00
1.886751651763916016e-01 2.026554495096206665e-01 -1.136101365089416504e+00
-3.253449499607086182e-02 1.948443055152893066e-01 -1.109237551689147949e+00
-2.780611813068389893e-02 1.982729882001876831e-01 -1.128595471382141113e+00
-2.253542095422744751e-02 1.985389739274978638e-01 -1.129975318908691406e+00
-1.719984412193298340e-02 1.982211321592330933e-01 -1.128060102462768555e+00
-1.184624060988426208e-02 1.973199546337127686e-01 -1.122853755950927734e+00
-6.544283125549554825e-03 1.965226233005523682e-01 -1.118267178535461426e+00
-1.284455065615475178e-03 1.956486403942108154e-01 -1.113273024559020996e+00
3.942147362977266312e-03 1.954442858695983887e-01 -1.112117409706115723e+00
9.138728491961956024e-03 1.948328465223312378e-01 -1.108673334121704102e+00
1.426415983587503433e-02 1.936991959810256958e-01 -1.102285265922546387e+00
1.938598975539207458e-02 1.931335777044296265e-01 -1.099156498908996582e+00
2.447770163416862488e-02 1.925689578056335449e-01 -1.096060037612915039e+00
2.952974662184715271e-02 1.919427216053009033e-01 -1.092638969421386719e+00
3.456031531095504761e-02 1.913829892873764038e-01 -1.089621663093566895e+00
3.955378383398056030e-02 1.907886713743209839e-01 -1.086431860923767090e+00
4.460950568318367004e-02 1.905961185693740845e-01 -1.085554003715515137e+00
4.967847093939781189e-02 1.904938220977783203e-01 -1.085213899612426758e+00
5.473441630601882935e-02 1.903652697801589966e-01 -1.084747314453125000e+00
5.957646295428276062e-02 1.895779520273208618e-01 -1.080548048019409180e+00
6.452964246273040771e-02 1.892399638891220093e-01 -1.078929543495178223e+00
6.955438852310180664e-02 1.891457736492156982e-01 -1.078720688819885254e+00
7.461319863796234131e-02 1.891507059335708618e-01 -1.079096317291259766e+00
7.967033237218856812e-02 1.891510337591171265e-01 -1.079463839530944824e+00
8.472316712141036987e-02 1.891417205333709717e-01 -1.079793334007263184e+00
8.972591906785964966e-02 1.890279203653335571e-01 -1.079541802406311035e+00
9.468214213848114014e-02 1.888334751129150391e-01 -1.078843355178833008e+00
9.971252828836441040e-02 1.887991428375244141e-01 -1.079072117805480957e+00
1.048890501260757446e-01 1.890314817428588867e-01 -1.080837011337280273e+00
1.100654155015945435e-01 1.892421990633010864e-01 -1.082489252090454102e+00
1.152887195348739624e-01 1.895115375518798828e-01 -1.084486603736877441e+00
1.203832924365997314e-01 1.895555108785629272e-01 -1.085201859474182129e+00
1.254518032073974609e-01 1.895565688610076904e-01 -1.085676789283752441e+00
1.306322962045669556e-01 1.897201687097549438e-01 -1.087086677551269531e+00
1.359664946794509888e-01 1.900864094495773315e-01 -1.089661002159118652e+00
1.415677070617675781e-01 1.907861232757568359e-01 -1.094149470329284668e+00
1.469014436006546021e-01 1.910892128944396973e-01 -1.096364259719848633e+00
1.527675986289978027e-01 1.920412331819534302e-01 -1.102301597595214844e+00
1.584948003292083740e-01 1.927623599767684937e-01 -1.106912374496459961e+00
1.643192917108535767e-01 1.935526430606842041e-01 -1.111916542053222656e+00
1.699193567037582397e-01 1.940383911132812500e-01 -1.115164518356323242e+00
1.751056909561157227e-01 1.940369307994842529e-01 -1.115602135658264160e+00
1.829787045717239380e-01 1.969270110130310059e-01 -1.132657408714294434e+00
1.888442784547805786e-01 1.975553780794143677e-01 -1.136695742607116699e+00
-3.304562345147132874e-02 1.926143467426300049e-01 -1.125612378120422363e+00
-2.792871743440628052e-02 1.938229352235794067e-01 -1.132506608963012695e+00
-2.261957153677940369e-02 1.939525008201599121e-01 -1.133123636245727539e+00
-1.721583493053913116e-02 1.931009739637374878e-01 -1.128038167953491211e+00
-1.184502709656953812e-02 1.920248568058013916e-01 -1.121670961380004883e+00
-6.547182332724332809e-03 1.913532912731170654e-01 -1.117696762084960938e+00
-1.282886252738535404e-03 1.901853680610656738e-01 -1.110853195190429688e+00
3.929938189685344696e-03 1.896299123764038086e-01 -1.107616186141967773e+00
9.111384861171245575e-03 1.890565901994705200e-01 -1.104303956031799316e+00
1.426343806087970734e-02 1.885110586881637573e-01 -1.101182699203491211e+00
1.939411833882331848e-02 1.880489289760589600e-01 -1.098576903343200684e+00
2.451963908970355988e-02 1.877416670322418213e-01 -1.096903800964355469e+00
2.957119978964328766e-02 1.870733052492141724e-01 -1.093147993087768555e+00
3.458636254072189331e-02 1.864067018032073975e-01 -1.089428663253784180e+00
3.960729762911796570e-02 1.859391331672668457e-01 -1.086898088455200195e+00
4.460073262453079224e-02 1.854640096426010132e-01 -1.084348082542419434e+00
4.962707310914993286e-02 1.852090954780578613e-01 -1.083109974861145020e+00
5.456354096531867981e-02 1.846973896026611328e-01 -1.080393314361572266e+00
5.958810076117515564e-02 1.845455467700958252e-01 -1.079804062843322754e+00
6.458870321512222290e-02 1.843491494655609131e-01 -1.078976035118103027e+00
6.964850425720214844e-02 1.843380033969879150e-01 -1.079253196716308594e+00
7.468634098768234253e-02 1.842741668224334717e-01 -1.079241991043090820e+00
7.976579666137695312e-02 1.843145936727523804e-01 -1.079860448837280273e+00
8.478232473134994507e-02 1.842134743928909302e-01 -1.079667448997497559e+00
8.980790525674819946e-02 1.841423064470291138e-01 -1.079666256904602051e+00
9.435938298702239990e-02 1.831584572792053223e-01 -1.074326395988464355e+00
9.967152029275894165e-02 1.836759895086288452e-01 -1.077805638313293457e+00
1.048036068677902222e-01 1.838278025388717651e-01 -1.079152941703796387e+00
1.101097837090492249e-01 1.842570006847381592e-01 -1.082140803337097168e+00
1.153301075100898743e-01 1.845111101865768433e-01 -1.084111452102661133e+00
1.205269917845726013e-01 1.847079247236251831e-01 -1.085754156112670898e+00
1.257462054491043091e-01 1.849216520786285400e-01 -1.087503552436828613e+00
1.307995468378067017e-01 1.848843395709991455e-01 -1.087781071662902832e+00
1.361234784126281738e-01 1.852180063724517822e-01 -1.090244889259338379e+00
1.415222585201263428e-01 1.856257766485214233e-01 -1.093147516250610352e+00
1.471293717622756958e-01 1.862689554691314697e-01 -1.097438097000122070e+00
1.525990813970565796e-01 1.867007762193679810e-01 -1.100483536720275879e+00
1.582094579935073853e-01 1.872710287570953369e-01 -1.104342460632324219e+00
1.643858402967453003e-01 1.884542554616928101e-01 -1.111813902854919434e+00
1.698923856019973755e-01 1.888207644224166870e-01 -1.114462256431579590e+00
1.761743575334548950e-01 1.900018304586410522e-01 -1.121911048889160156e+00
1.829545199871063232e-01 1.916367709636688232e-01 -1.132033705711364746e+00
1.880729794502258301e-01 1.914883852005004883e-01 -1.131610155105590820e+00
1.905326843261718750e-01 1.887146830558776855e-01 -1.115648031234741211e+00
-3.320731967687606812e-02 1.882398426532745361e-01 -1.130051136016845703e+00
-2.800771221518516541e-02 1.890318393707275391e-01 -1.134630203247070312e+00
-2.264816500246524811e-02 1.888631433248519897e-01 -1.133471965789794922e+00
-1.724582538008689880e-02 1.881237179040908813e-01 -1.128919243812561035e+00
-1.186824496835470200e-02 1.871160417795181274e-01 -1.122788190841674805e+00
-6.535619031637907028e-03 1.857681721448898315e-01 -1.114647030830383301e+00
-1.282295444980263710e-03 1.848758608102798462e-01 -1.109270215034484863e+00
3.924250137060880661e-03 1.841538995504379272e-01 -1.104946255683898926e+00
9.090716950595378876e-03 1.834461838006973267e-01 -1.100737571716308594e+00
1.423725672066211700e-02 1.829962134361267090e-01 -1.098105311393737793e+00
1.938928849995136261e-02 1.828377246856689453e-01 -1.097251534461975098e+00
2.454857900738716125e-02 1.827999651432037354e-01 -1.097151637077331543e+00
2.970529347658157349e-02 1.827594637870788574e-01 -1.097064256668090820e+00
3.461264073848724365e-02 1.814238876104354858e-01 -1.089229822158813477e+00
3.968228772282600403e-02 1.811738014221191406e-01 -1.087938666343688965e+00
4.467785358428955078e-02 1.806812286376953125e-01 -1.085217356681823730e+00
4.954176023602485657e-02 1.798118054866790771e-01 -1.080257058143615723e+00
5.449067056179046631e-02 1.793839186429977417e-01 -1.077972531318664551e+00
5.961691215634346008e-02 1.795629262924194336e-01 -1.079359292984008789e+00
6.472451239824295044e-02 1.796621084213256836e-01 -1.080289959907531738e+00
6.972011178731918335e-02 1.794585883617401123e-01 -1.079422593116760254e+00
7.470177114009857178e-02 1.792492121458053589e-01 -1.078540444374084473e+00
7.973968237638473511e-02 1.791928410530090332e-01 -1.078598260879516602e+00
8.480109274387359619e-02 1.791928559541702271e-01 -1.079014182090759277e+00
8.955310285091400146e-02 1.785758733749389648e-01 -1.075730919837951660e+00
9.494932740926742554e-02 1.792408078908920288e-01 -1.080185890197753906e+00
1.000092625617980957e-01 1.792357563972473145e-01 -1.080619454383850098e+00
1.048968657851219177e-01 1.789371967315673828e-01 -1.079295992851257324e+00
1.101408153772354126e-01 1.792460083961486816e-01 -1.081647515296936035e+00
1.154054179787635803e-01 1.795598119497299194e-01 -1.084040880203247070e+00
1.205630600452423096e-01 1.796878129243850708e-01 -1.085322022438049316e+00
1.256290823221206665e-01 1.796744167804718018e-01 -1.085756182670593262e+00
1.309148222208023071e-01 1.799640804529190063e-01 -1.088027596473693848e+00
1.362594813108444214e-01 1.803100854158401489e-01 -1.090644478797912598e+00
1.419267654418945312e-01 1.810426861047744751e-01 -1.095604419708251953e+00
1.473150849342346191e-01 1.813808530569076538e-01 -1.098179936408996582e+00
1.526070833206176758e-01 1.815816909074783325e-01 -1.099923133850097656e+00
1.581428349018096924e-01 1.820500791072845459e-01 -1.103284597396850586e+00
1.640645116567611694e-01 1.829192042350769043e-01 -1.109072208404541016e+00
1.699156165122985840e-01 1.836590170860290527e-01 -1.114071965217590332e+00
1.763200759887695312e-01 1.849353760480880737e-01 -1.122321367263793945e+00
1.824495941400527954e-01 1.858581900596618652e-01 -1.128418684005737305e+00
1.877501755952835083e-01 1.859086155891418457e-01 -1.129207134246826172e+00
1.920654773712158203e-01 1.850072145462036133e-01 -1.124194979667663574e+00
-3.329547122120857239e-02 1.834084987640380859e-01 -1.131970167160034180e+00
-2.799162454903125763e-02 1.835869997739791870e-01 -1.132889986038208008e+00
-2.263378724455833435e-02 1.834120750427246094e-01 -1.131659626960754395e+00
-1.725565828382968903e-02 1.829142868518829346e-01 -1.128468871116638184e+00
-1.188927888870239258e-02 1.821531057357788086e-01 -1.123685598373413086e+00
-6.549359764903783798e-03 1.809005886316299438e-01 -1.115903496742248535e+00
-1.281644450500607491e-03 1.795626878738403320e-01 -1.107627153396606445e+00
3.924821037799119949e-03 1.789784133434295654e-01 -1.104030966758728027e+00
9.098117239773273468e-03 1.784097403287887573e-01 -1.100562453269958496e+00
1.424907986074686050e-02 1.779750436544418335e-01 -1.097951054573059082e+00
1.938860863447189331e-02 1.776671409606933594e-01 -1.096152424812316895e+00
2.451276034116744995e-02 1.773774772882461548e-01 -1.094496488571166992e+00
2.954313904047012329e-02 1.766278594732284546e-01 -1.090031504631042480e+00
3.467009216547012329e-02 1.765921115875244141e-01 -1.090000629425048828e+00
3.975117206573486328e-02 1.763620525598526001e-01 -1.088798999786376953e+00
4.481754824519157410e-02 1.761267781257629395e-01 -1.087592720985412598e+00
4.958935454487800598e-02 1.749007850885391235e-01 -1.080293774604797363e+00
5.457428097724914551e-02 1.745845824480056763e-01 -1.078637957572937012e+00
5.976225435733795166e-02 1.749164611101150513e-01 -1.081011891365051270e+00
6.479744613170623779e-02 1.747841984033584595e-01 -1.080541968345642090e+00
6.973876059055328369e-02 1.744363307952880859e-01 -1.078761577606201172e+00
7.479517161846160889e-02 1.744040250778198242e-01 -1.078953862190246582e+00
7.984787970781326294e-02 1.743677258491516113e-01 -1.079142212867736816e+00
8.473145216703414917e-02 1.739884465932846069e-01 -1.077226638793945312e+00
8.974876999855041504e-02 1.739110499620437622e-01 -1.077197313308715820e+00
9.489126503467559814e-02 1.740715503692626953e-01 -1.078658461570739746e+00
1.001226827502250671e-01 1.743706464767456055e-01 -1.080995202064514160e+00
1.052017062902450562e-01 1.743883341550827026e-01 -1.081601977348327637e+00
1.102358177304267883e-01 1.743333488702774048e-01 -1.081770539283752441e+00
1.154057383537292480e-01 1.744885295629501343e-01 -1.083254098892211914e+00
1.204576566815376282e-01 1.744597554206848145e-01 -1.083605170249938965e+00
1.255425214767456055e-01 1.744790822267532349e-01 -1.084262371063232422e+00
1.307352483272552490e-01 1.746410280466079712e-01 -1.085811853408813477e+00
1.362347602844238281e-01 1.751853227615356445e-01 -1.089744806289672852e+00
1.420732736587524414e-01 1.761106401681900024e-01 -1.096054315567016602e+00
1.472194045782089233e-01 1.761431545019149780e-01 -1.096810579299926758e+00
1.524093449115753174e-01 1.762241721153259277e-01 -1.097867131233215332e+00
1.582607477903366089e-01 1.770398616790771484e-01 -1.103499889373779297e+00
1.637495160102844238e-01 1.774112731218338013e-01 -1.106361269950866699e+00
1.698768734931945801e-01 1.784307658672332764e-01 -1.113260626792907715e+00
1.757413446903228760e-01 1.791219115257263184e-01 -1.118106484413146973e+00
1.825483441352844238e-01 1.807062923908233643e-01 -1.128522634506225586e+00
1.876837611198425293e-01 1.805936098098754883e-01 -1.128330469131469727e+00
1.921664774417877197e-01 1.798761039972305298e-01 -1.124340653419494629e+00
-2.786843664944171906e-02 1.774662882089614868e-01 -1.126813888549804688e+00
-2.256349287927150726e-02 1.775278449058532715e-01 -1.127048969268798828e+00
-1.720820181071758270e-02 1.771091520786285400e-01 -1.124267697334289551e+00
-1.185907050967216492e-02 1.764091700315475464e-01 -1.119734168052673340e+00
-6.524040363729000092e-03 1.749633848667144775e-01 -1.110500335693359375e+00
-1.282184268347918987e-03 1.744168549776077271e-01 -1.107007026672363281e+00
3.922885283827781677e-03 1.736903935670852661e-01 -1.102404594421386719e+00
9.110359475016593933e-03 1.734570860862731934e-01 -1.100964426994323730e+00
1.427573338150978088e-02 1.731251329183578491e-01 -1.098930239677429199e+00
1.939717121422290802e-02 1.725791394710540771e-01 -1.095568895339965820e+00
2.446519397199153900e-02 1.718875169754028320e-01 -1.091313719749450684e+00
2.956716902554035187e-02 1.716333776712417603e-01 -1.089866518974304199e+00
3.462540358304977417e-02 1.712381690740585327e-01 -1.087553143501281738e+00
3.981786221265792847e-02 1.715230643749237061e-01 -1.089589118957519531e+00
4.482331499457359314e-02 1.710293591022491455e-01 -1.086707830429077148e+00
4.973253607749938965e-02 1.703073531389236450e-01 -1.082402229309082031e+00
5.479595810174942017e-02 1.701985299587249756e-01 -1.082019925117492676e+00
5.980231985449790955e-02 1.699460744857788086e-01 -1.080750107765197754e+00
6.475317478179931641e-02 1.695878654718399048e-01 -1.078831911087036133e+00
6.985240429639816284e-02 1.696420609951019287e-01 -1.079560875892639160e+00
7.490680366754531860e-02 1.695874035358428955e-01 -1.079620122909545898e+00
7.995870709419250488e-02 1.695344299077987671e-01 -1.079711675643920898e+00
8.491938561201095581e-02 1.693058907985687256e-01 -1.078704833984375000e+00
8.983772248029708862e-02 1.690234094858169556e-01 -1.077372193336486816e+00
9.481092542409896851e-02 1.688687801361083984e-01 -1.076870799064636230e+00
9.964112192392349243e-02 1.684880107641220093e-01 -1.074941992759704590e+00
1.050945743918418884e-01 1.691470146179199219e-01 -1.079662561416625977e+00
1.104024648666381836e-01 1.695219427347183228e-01 -1.082586050033569336e+00
1.154881045222282410e-01 1.695376485586166382e-01 -1.083228111267089844e+00
1.206163242459297180e-01 1.696119159460067749e-01 -1.084254384040832520e+00
1.255947500467300415e-01 1.694780737161636353e-01 -1.083958148956298828e+00
1.308191120624542236e-01 1.696735620498657227e-01 -1.085774779319763184e+00
1.365365833044052124e-01 1.704701185226440430e-01 -1.091445565223693848e+00
1.418695002794265747e-01 1.707464307546615601e-01 -1.093791604042053223e+00
1.472547352313995361e-01 1.710643172264099121e-01 -1.096406579017639160e+00
1.524392515420913696e-01 1.711355000734329224e-01 -1.097440481185913086e+00
1.579037308692932129e-01 1.715061366558074951e-01 -1.100392937660217285e+00
1.637540757656097412e-01 1.722593456506729126e-01 -1.105798363685607910e+00
1.696447581052780151e-01 1.730076670646667480e-01 -1.111170172691345215e+00
1.761642992496490479e-01 1.743340045213699341e-01 -1.120251655578613281e+00
1.813595145940780640e-01 1.743111312389373779e-01 -1.120655894279479980e+00
1.870453506708145142e-01 1.747479140758514404e-01 -1.124002695083618164e+00
1.918027997016906738e-01 1.743171811103820801e-01 -1.121753573417663574e+00
-2.246549539268016815e-02 1.714652776718139648e-01 -1.121058583259582520e+00
-1.716359704732894897e-02 1.713617444038391113e-01 -1.120254755020141602e+00
-1.175166945904493332e-02 1.695782393217086792e-01 -1.108502864837646484e+00
-6.513343658298254013e-03 1.694472730159759521e-01 -1.107588052749633789e+00
-1.280375523492693901e-03 1.689567118883132935e-01 -1.104356408119201660e+00
3.915485925972461700e-03 1.681728810071945190e-01 -1.099241495132446289e+00
9.097217582166194916e-03 1.680216193199157715e-01 -1.098294734954833984e+00
1.427432987838983536e-02 1.679258197546005249e-01 -1.097743749618530273e+00
1.936376281082630157e-02 1.671243458986282349e-01 -1.092612147331237793e+00
2.446171455085277557e-02 1.667180508375167847e-01 -1.090095996856689453e+00
2.956786751747131348e-02 1.664991676807403564e-01 -1.088836550712585449e+00
3.471159934997558594e-02 1.665253490209579468e-01 -1.089211225509643555e+00
3.966954350471496582e-02 1.657684594392776489e-01 -1.084493756294250488e+00
4.477410018444061279e-02 1.657271236181259155e-01 -1.084486722946166992e+00
4.984366893768310547e-02 1.655780524015426636e-01 -1.083803534507751465e+00
5.484800413250923157e-02 1.652601510286331177e-01 -1.082042813301086426e+00
5.982440710067749023e-02 1.649193316698074341e-01 -1.080157995223999023e+00
6.481041759252548218e-02 1.646563708782196045e-01 -1.078808188438415527e+00
6.981555372476577759e-02 1.644766926765441895e-01 -1.078028321266174316e+00
7.496564835309982300e-02 1.646397411823272705e-01 -1.079518556594848633e+00
7.999344915151596069e-02 1.645305454730987549e-01 -1.079246640205383301e+00
8.503203094005584717e-02 1.644552648067474365e-01 -1.079218029975891113e+00
9.005852043628692627e-02 1.643663644790649414e-01 -1.079119563102722168e+00
9.467209875583648682e-02 1.635735481977462769e-01 -1.074415445327758789e+00
9.966905415058135986e-02 1.634898185729980469e-01 -1.074383258819580078e+00
1.047962382435798645e-01 1.636175215244293213e-01 -1.075755953788757324e+00
1.102516949176788330e-01 1.642224341630935669e-01 -1.080282449722290039e+00
1.155623644590377808e-01 1.645680069923400879e-01 -1.083118200302124023e+00
1.206397414207458496e-01 1.645662337541580200e-01 -1.083679676055908203e+00
1.257811337709426880e-01 1.646484136581420898e-01 -1.084802746772766113e+00
1.310765147209167480e-01 1.649179458618164062e-01 -1.087168455123901367e+00
1.364412456750869751e-01 1.652513146400451660e-01 -1.089962363243103027e+00
1.417640745639801025e-01 1.655117720365524292e-01 -1.092280387878417969e+00
1.469333022832870483e-01 1.655809730291366577e-01 -1.093338847160339355e+00
1.527033299207687378e-01 1.662998646497726440e-01 -1.098689317703247070e+00
1.576768010854721069e-01 1.661326885223388672e-01 -1.098185062408447266e+00
1.634260118007659912e-01 1.667676717042922974e-01 -1.102980375289916992e+00
1.684223711490631104e-01 1.666190773248672485e-01 -1.102588057518005371e+00
1.749573200941085815e-01 1.679563224315643311e-01 -1.112023353576660156e+00
1.809000372886657715e-01 1.686644256114959717e-01 -1.117289066314697266e+00
1.857406049966812134e-01 1.683340668678283691e-01 -1.115663766860961914e+00
-6.481959484517574310e-03 1.634267419576644897e-01 -1.101163506507873535e+00
-1.277432660572230816e-03 1.633662432432174683e-01 -1.100729942321777344e+00
3.911559004336595535e-03 1.628194749355316162e-01 -1.097054719924926758e+00
9.064394049346446991e-03 1.622488200664520264e-01 -1.093253016471862793e+00
1.420356333255767822e-02 1.619367152452468872e-01 -1.091227054595947266e+00
1.931756734848022461e-02 1.615803837776184082e-01 -1.088936805725097656e+00
2.440525963902473450e-02 1.612001359462738037e-01 -1.086518406867980957e+00
2.935680374503135681e-02 1.602090448141098022e-01 -1.080014348030090332e+00
3.460146114230155945e-02 1.608742177486419678e-01 -1.084707736968994141e+00
3.973224386572837830e-02 1.609066575765609741e-01 -1.085167646408081055e+00
4.464989155530929565e-02 1.601671278476715088e-01 -1.080451250076293945e+00
4.977796971797943115e-02 1.602566987276077271e-01 -1.081356883049011230e+00
5.484429374337196350e-02 1.601492762565612793e-01 -1.080962657928466797e+00
5.992482975125312805e-02 1.600981205701828003e-01 -1.080976009368896484e+00
6.482918560504913330e-02 1.596211791038513184e-01 -1.078140616416931152e+00
6.984849274158477783e-02 1.594760566949844360e-01 -1.077571153640747070e+00
7.490618526935577393e-02 1.594322919845581055e-01 -1.077710747718811035e+00
7.995229959487915039e-02 1.593710184097290039e-01 -1.077755212783813477e+00
8.502756059169769287e-02 1.593716740608215332e-01 -1.078240633010864258e+00
8.996872603893280029e-02 1.591350734233856201e-01 -1.077140808105468750e+00
9.481483697891235352e-02 1.587645709514617920e-01 -1.075151920318603516e+00
9.983600676059722900e-02 1.587098389863967896e-01 -1.075317859649658203e+00
1.050516441464424133e-01 1.589546352624893188e-01 -1.077530026435852051e+00
1.102453023195266724e-01 1.591452062129974365e-01 -1.079390525817871094e+00
1.153970807790756226e-01 1.592612117528915405e-01 -1.080759406089782715e+00
1.206046640872955322e-01 1.594412326812744141e-01 -1.082574725151062012e+00
1.259700655937194824e-01 1.598069220781326294e-01 -1.085662126541137695e+00
1.311728060245513916e-01 1.599458903074264526e-01 -1.087218523025512695e+00
1.362109184265136719e-01 1.598812043666839600e-01 -1.087396740913391113e+00
1.414119452238082886e-01 1.600055098533630371e-01 -1.088864207267761230e+00
1.465110182762145996e-01 1.600098460912704468e-01 -1.089517593383789062e+00
1.513241529464721680e-01 1.597121059894561768e-01 -1.088112711906433105e+00
1.583252251148223877e-01 1.616678386926651001e-01 -1.102064967155456543e+00
1.621643006801605225e-01 1.603733450174331665e-01 -1.093859195709228516e+00
1.676774024963378906e-01 1.607628464698791504e-01 -1.097129702568054199e+00
1.733271032571792603e-01 1.612564027309417725e-01 -1.101105093955993652e+00
1.400513295084238052e-02 1.545898169279098511e-01 -1.074923634529113770e+00
1.921554282307624817e-02 1.556089222431182861e-01 -1.082123517990112305e+00
2.430030703544616699e-02 1.553958356380462646e-01 -1.080789685249328613e+00
2.931999415159225464e-02 1.549129784107208252e-01 -1.077612638473510742e+00
3.438871726393699646e-02 1.547938138246536255e-01 -1.076998114585876465e+00
3.949962556362152100e-02 1.548707932233810425e-01 -1.077780961990356445e+00
4.469105973839759827e-02 1.552098542451858521e-01 -1.080420136451721191e+00
4.978870227932929993e-02 1.551870554685592651e-01 -1.080572366714477539e+00
5.491167679429054260e-02 1.552400887012481689e-01 -1.081282973289489746e+00
5.987061560153961182e-02 1.548598259687423706e-01 -1.079004049301147461e+00
6.487848609685897827e-02 1.546558290719985962e-01 -1.077980041503906250e+00
6.993235647678375244e-02 1.545832008123397827e-01 -1.077897906303405762e+00
7.497840374708175659e-02 1.545042693614959717e-01 -1.077797055244445801e+00
8.005232363939285278e-02 1.544891446828842163e-01 -1.078165531158447266e+00
8.480816334486007690e-02 1.538986116647720337e-01 -1.074539542198181152e+00
8.999153226613998413e-02 1.541067510843276978e-01 -1.076510071754455566e+00
9.492234140634536743e-02 1.538832485675811768e-01 -1.075485467910766602e+00
9.996914118528366089e-02 1.538608819246292114e-01 -1.075884103775024414e+00
1.051655262708663940e-01 1.540598124265670776e-01 -1.077847838401794434e+00
1.100622713565826416e-01 1.538216769695281982e-01 -1.076768636703491211e+00
1.152460575103759766e-01 1.539880186319351196e-01 -1.078534007072448730e+00
1.205288246273994446e-01 1.542670279741287231e-01 -1.081102013587951660e+00
1.257455796003341675e-01 1.544424444437026978e-01 -1.082955837249755859e+00
1.308946013450622559e-01 1.545242518186569214e-01 -1.084162354469299316e+00
1.359715163707733154e-01 1.545180082321166992e-01 -1.084757566452026367e+00
1.412373185157775879e-01 1.547191292047500610e-01 -1.086813807487487793e+00
1.462249904870986938e-01 1.546121686697006226e-01 -1.086708426475524902e+00
1.510524898767471313e-01 1.543487459421157837e-01 -1.085502147674560547e+00
1.558230817317962646e-01 1.540461927652359009e-01 -1.084016680717468262e+00
1.610907316207885742e-01 1.542386114597320557e-01 -1.086010098457336426e+00
5.397181585431098938e-02 1.475644707679748535e-01 -1.061788201332092285e+00
5.969683080911636353e-02 1.493316739797592163e-01 -1.074883580207824707e+00
6.609283387660980225e-02 1.523686200380325317e-01 -1.097160339355468750e+00
8.564268797636032104e-02 1.503013670444488525e-01 -1.084186911582946777e+00
9.011568129062652588e-02 1.492436826229095459e-01 -1.077091455459594727e+00
9.382807463407516479e-02 1.471062749624252319e-01 -1.062212944030761719e+00
9.959793835878372192e-02 1.482477784156799316e-01 -1.071025609970092773e+00
1.046680286526679993e-01 1.482878625392913818e-01 -1.071903228759765625e+00
1.094106286764144897e-01 1.478815972805023193e-01 -1.069568753242492676e+00
1.139894574880599976e-01 1.472994387149810791e-01 -1.065971970558166504e+00
1.193343251943588257e-01 1.477145105600357056e-01 -1.069603443145751953e+00
1.248968318104743958e-01 1.483545452356338501e-01 -1.074878931045532227e+00
7.723071426153182983e-02 1.594860255718231201e-01 -1.188264608383178711e+00
8.274985849857330322e-02 1.593015491962432861e-01 -1.187416315078735352e+00
8.742013573646545410e-02 1.576100885868072510e-01 -1.175357222557067871e+00
7.078025490045547485e-02 1.520759463310241699e-01 -1.172857046127319336e+00
7.764571905136108398e-02 1.546979099512100220e-01 -1.193591356277465820e+00
8.366563916206359863e-02 1.553940027952194214e-01 -1.199508786201477051e+00
8.825553953647613525e-02 1.535142958164215088e-01 -1.185568928718566895e+00
7.173147052526473999e-02 1.484956592321395874e-01 -1.187561154365539551e+00
7.810294628143310547e-02 1.499304920434951782e-01 -1.199565649032592773e+00
8.362212777137756348e-02 1.496455818414688110e-01 -1.197847127914428711e+00
8.820442855358123779e-02 1.478266865015029907e-01 -1.183872222900390625e+00
9.281759709119796753e-02 1.462735682725906372e-01 -1.172040939331054688e+00
7.239884883165359497e-02 1.442008614540100098e-01 -1.197555541992187500e+00
7.821781188249588013e-02 1.444642543792724609e-01 -1.200286746025085449e+00
8.386186510324478149e-02 1.443907618522644043e-01 -1.200252890586853027e+00
9.446815401315689087e-02 1.432363241910934448e-01 -1.191893935203552246e+00
7.291760295629501343e-02 1.395170837640762329e-01 -1.205090165138244629e+00
7.837024331092834473e-02 1.390479803085327148e-01 -1.201596260070800781e+00
8.457378298044204712e-02 1.398844420909881592e-01 -1.209420442581176758e+00
9.233966469764709473e-02 1.430348157882690430e-01 -1.237300992012023926e+00
7.340383529663085938e-02 1.346922516822814941e-01 -1.212091326713562012e+00
7.911367714405059814e-02 1.346151381731033325e-01 -1.211973667144775391e+00
8.475983887910842896e-02 1.344474703073501587e-01 -1.211075186729431152e+00
9.206018596887588501e-02 1.367584466934204102e-01 -1.232547640800476074e+00
7.360437512397766113e-02 1.292893588542938232e-01 -1.214386343955993652e+00
7.944662868976593018e-02 1.294056028127670288e-01 -1.216069579124450684e+00
8.493919670581817627e-02 1.289751082658767700e-01 -1.212649941444396973e+00
8.974970132112503052e-02 1.276293396949768066e-01 -1.200650215148925781e+00
7.359912991523742676e-02 1.235096678137779236e-01 -1.213307023048400879e+00
7.975243777036666870e-02 1.241054087877273560e-01 -1.219765543937683105e+00
8.552848547697067261e-02 1.240731105208396912e-01 -1.220091342926025391e+00
8.958346396684646606e-02 1.217067092657089233e-01 -1.197486877441406250e+00
7.395676523447036743e-02 1.183113157749176025e-01 -1.218231439590454102e+00
8.008212596178054810e-02 1.187961697578430176e-01 -1.223844647407531738e+00
8.591388911008834839e-02 1.188092976808547974e-01 -1.224638700485229492e+00
9.324111789464950562e-02 1.207575500011444092e-01 -1.245427489280700684e+00
7.436034083366394043e-02 1.131267771124839783e-01 -1.223931312561035156e+00
8.009658753871917725e-02 1.129942983388900757e-01 -1.223130464553833008e+00
8.621910959482192993e-02 1.133877784013748169e-01 -1.228063583374023438e+00
9.306854009628295898e-02 1.146265864372253418e-01 -1.242199659347534180e+00
7.453653216361999512e-02 1.075508520007133484e-01 -1.225912332534790039e+00
8.037557452917098999e-02 1.075442731380462646e-01 -1.226483225822448730e+00
8.582209795713424683e-02 1.070489659905433655e-01 -1.221517324447631836e+00
7.490592449903488159e-02 1.022109314799308777e-01 -1.231098055839538574e+00
8.036431670188903809e-02 1.016864106059074402e-01 -1.225437164306640625e+00
8.630824089050292969e-02 1.018057018518447876e-01 -1.227572917938232422e+00
7.481157034635543823e-02 9.621664881706237793e-02 -1.228694558143615723e+00
8.039785176515579224e-02 9.588360786437988281e-02 -1.225109219551086426e+00
8.617871999740600586e-02 9.581206738948822021e-02 -1.224903106689453125e+00
9.014471620321273804e-02 9.385992586612701416e-02 -1.200678229331970215e+00
7.477461546659469604e-02 9.030648320913314819e-02 -1.227273583412170410e+00
8.042143285274505615e-02 9.006479382514953613e-02 -1.224666476249694824e+00
8.622045814990997314e-02 9.001476317644119263e-02 -1.224705219268798828e+00
9.169133007526397705e-02 8.965023607015609741e-02 -1.220501542091369629e+00
7.510902732610702515e-02 8.482150733470916748e-02 -1.231984853744506836e+00
8.063109219074249268e-02 8.443741500377655029e-02 -1.227094769477844238e+00
8.644255995750427246e-02 8.438789099454879761e-02 -1.227105975151062012e+00
9.248120337724685669e-02 8.455236256122589111e-02 -1.230270743370056152e+00
7.134495675563812256e-02 8.135557919740676880e-02 -1.268368601799011230e+00
7.585777342319488525e-02 7.971952110528945923e-02 -1.243523955345153809e+00
8.106318861246109009e-02 7.899630814790725708e-02 -1.232944130897521973e+00
8.703120052814483643e-02 7.906389236450195312e-02 -1.234744548797607422e+00
9.285495430231094360e-02 7.900018244981765747e-02 -1.234535694122314453e+00
7.587505877017974854e-02 7.378876954317092896e-02 -1.243109583854675293e+00
8.182481676340103149e-02 7.378952950239181519e-02 -1.243838906288146973e+00
8.776022493839263916e-02 7.377812266349792480e-02 -1.244407415390014648e+00
9.353667497634887695e-02 7.364301383495330811e-02 -1.242930173873901367e+00
7.607785612344741821e-02 6.802117824554443359e-02 -1.245779275894165039e+00
8.190429210662841797e-02 6.790645420551300049e-02 -1.244403481483459473e+00
8.804421126842498779e-02 6.804956495761871338e-02 -1.247797608375549316e+00
7.638521492481231689e-02 6.230708211660385132e-02 -1.250205636024475098e+00
8.243685960769653320e-02 6.235453486442565918e-02 -1.251895189285278320e+00
8.810582011938095093e-02 6.212570890784263611e-02 -1.248081088066101074e+00
7.661987841129302979e-02 5.649117752909660339e-02 -1.253488302230834961e+00
8.203821629285812378e-02 5.608850717544555664e-02 -1.245293855667114258e+00
8.774124830961227417e-02 5.592186748981475830e-02 -1.242377996444702148e+00
7.659716904163360596e-02 5.046891048550605774e-02 -1.252610802650451660e+00
8.223208039999008179e-02 5.024246871471405029e-02 -1.247739076614379883e+00
8.764305710792541504e-02 4.991916939616203308e-02 -1.240499615669250488e+00
7.676468044519424438e-02 4.456061497330665588e-02 -1.254896402359008789e+00
8.272495865821838379e-02 4.452919214963912964e-02 -1.254769921302795410e+00
8.849372714757919312e-02 4.440592229366302490e-02 -1.252099394798278809e+00
7.703002542257308960e-02 3.867517784237861633e-02 -1.258833765983581543e+00
8.316894620656967163e-02 3.872148320078849792e-02 -1.261108160018920898e+00
8.929563313722610474e-02 3.875619918107986450e-02 -1.263054490089416504e+00
7.732039690017700195e-02 3.275873512029647827e-02 -1.263233304023742676e+00
8.342387527227401733e-02 3.277493640780448914e-02 -1.264632105827331543e+00
8.953369408845901489e-02 3.279126808047294617e-02 -1.266084432601928711e+00
7.758528739213943481e-02 2.678795903921127319e-02 -1.267271399497985840e+00
8.356916159391403198e-02 2.675622142851352692e-02 -1.266548752784729004e+00
8.984616398811340332e-02 2.681627683341503143e-02 -1.270220398902893066e+00
7.820522040128707886e-02 2.087039686739444733e-02 -1.277164220809936523e+00
8.374061435461044312e-02 2.072285674512386322e-02 -1.268918514251708984e+00
7.843770831823348999e-02 1.478260476142168045e-02 -1.280786156654357910e+00
8.425036817789077759e-02 1.472367905080318451e-02 -1.276470899581909180e+00
7.858270406723022461e-02 8.648727089166641235e-03 -1.283038854598999023e+00
8.412050455808639526e-02 8.585104718804359436e-03 -1.274390697479248047e+00
7.826777547597885132e-02 2.477554837241768837e-03 -1.277842521667480469e+00
8.425782620906829834e-02 2.473255619406700134e-03 -1.276417255401611328e+00
7.827693969011306763e-02 -3.659385489299893379e-03 -1.277997970581054688e+00
8.430287986993789673e-02 -3.654560772702097893e-03 -1.277105569839477539e+00
7.856139540672302246e-02 -9.832216426730155945e-03 -1.282708406448364258e+00
8.435061573982238770e-02 -9.789239615201950073e-03 -1.277893900871276855e+00
7.855133712291717529e-02 -1.598970219492912292e-02 -1.282670736312866211e+00
8.501209318637847900e-02 -1.604671031236648560e-02 -1.288040518760681152e+00
7.809083908796310425e-02 -2.201860211789608002e-02 -1.275336384773254395e+00
8.480444550514221191e-02 -2.217311784625053406e-02 -1.285078644752502441e+00
7.826609164476394653e-02 -2.820440009236335754e-02 -1.278443336486816406e+00
8.452580869197845459e-02 -2.824561297893524170e-02 -1.281098604202270508e+00
7.855811715126037598e-02 -3.446890786290168762e-02 -1.283517837524414062e+00
8.469968289136886597e-02 -3.446170315146446228e-02 -1.284034490585327148e+00
7.852610200643539429e-02 -4.061162844300270081e-02 -1.283357024192810059e+00
8.492243289947509766e-02 -4.072651639580726624e-02 -1.287770152091979980e+00
7.873451709747314453e-02 -4.689252376556396484e-02 -1.287183403968811035e+00
8.509419858455657959e-02 -4.699556156992912292e-02 -1.290790677070617676e+00
7.884863018989562988e-02 -5.314253643155097961e-02 -1.289525508880615234e+00
8.524197340011596680e-02 -5.327459797263145447e-02 -1.293504476547241211e+00
7.408482581377029419e-02 -6.048243492841720581e-02 -1.314504265785217285e+00
7.859143614768981934e-02 -5.913108587265014648e-02 -1.285848736763000488e+00
8.509768545627593994e-02 -5.937134101986885071e-02 -1.291840195655822754e+00
7.884584367275238037e-02 -6.550432741641998291e-02 -1.290595531463623047e+00
8.553230017423629761e-02 -6.589308381080627441e-02 -1.299018621444702148e+00
7.954649627208709717e-02 -7.232319563627243042e-02 -1.302706122398376465e+00
