-8.873866796493530273e-01 9.799089431762695312e-01 -2.235656023025512695e+00
-8.776877522468566895e-01 9.817457199096679688e-01 -2.237222671508789062e+00
-8.434076905250549316e-01 9.815210700035095215e-01 -2.230496168136596680e+00
-8.801848888397216797e-01 9.731443524360656738e-01 -2.240963935852050781e+00
-8.708742260932922363e-01 9.640566706657409668e-01 -2.242278575897216797e+00
-8.948099017143249512e-01 9.537984132766723633e-01 -2.246642827987670898e+00
-8.705964684486389160e-01 9.523308277130126953e-01 -2.239958763122558594e+00
-8.565787076950073242e-01 9.494495987892150879e-01 -2.232058525085449219e+00
-8.488597273826599121e-01 9.535664319992065430e-01 -2.240941524505615234e+00
-8.946831226348876953e-01 9.422290325164794922e-01 -2.244441270828247070e+00
-8.679371476173400879e-01 9.380384683609008789e-01 -2.231903791427612305e+00
-8.599726557731628418e-01 9.417826533317565918e-01 -2.240041017532348633e+00
