-1.233288049697875977e+00 9.867127537727355957e-01 -2.215256929397583008e+00
-1.216511726379394531e+00 9.914413094520568848e-01 -2.223209142684936523e+00
-1.209503531455993652e+00 1.004461646080017090e+00 -2.252245187759399414e+00
-1.192112207412719727e+00 9.995155334472656250e-01 -2.242382764816284180e+00
-1.182270765304565430e+00 1.000865221023559570e+00 -2.247825622558593750e+00
-1.236980557441711426e+00 9.783441424369812012e-01 -2.220581769943237305e+00
-1.222207784652709961e+00 9.755903482437133789e-01 -2.213146448135375977e+00
-1.210326671600341797e+00 9.751150608062744141e-01 -2.211487054824829102e+00
-1.207586169242858887e+00 9.820641875267028809e-01 -2.227395057678222656e+00
-1.206641197204589844e+00 9.906194806098937988e-01 -2.247859716415405273e+00
-1.196041941642761230e+00 9.913371801376342773e-01 -2.251705408096313477e+00
-1.180243492126464844e+00 9.877175688743591309e-01 -2.247208118438720703e+00
-1.165770888328552246e+00 9.851474761962890625e-01 -2.247175455093383789e+00
-1.233314990997314453e+00 9.730626344680786133e-01 -2.232737064361572266e+00
-1.214155673980712891e+00 9.668785929679870605e-01 -2.218536853790283203e+00
-1.205452442169189453e+00 9.689830541610717773e-01 -2.224232435226440430e+00
-1.202430367469787598e+00 9.757376313209533691e-01 -2.241725206375122070e+00
-1.193477630615234375e+00 9.777629971504211426e-01 -2.249833822250366211e+00
-1.184616804122924805e+00 9.799036979675292969e-01 -2.260241985321044922e+00
-1.167104482650756836e+00 9.748598337173461914e-01 -2.257055997848510742e+00
-1.260056257247924805e+00 9.646960496902465820e-01 -2.240747213363647461e+00
-1.252411246299743652e+00 9.676200151443481445e-01 -2.246657609939575195e+00
-1.239588141441345215e+00 9.665604829788208008e-01 -2.244017601013183594e+00
-1.222022771835327148e+00 9.617487192153930664e-01 -2.233521699905395508e+00
-1.210195660591125488e+00 9.614052772521972656e-01 -2.234471797943115234e+00
-1.201684594154357910e+00 9.637144207954406738e-01 -2.242991447448730469e+00
-1.192462921142578125e+00 9.654927253723144531e-01 -2.252204179763793945e+00
-1.179443717002868652e+00 9.642009139060974121e-01 -2.257068872451782227e+00
-1.258748292922973633e+00 9.522770047187805176e-01 -2.237693071365356445e+00
-1.239571690559387207e+00 9.550961256027221680e-01 -2.244431257247924805e+00
-1.221736907958984375e+00 9.501318931579589844e-01 -2.234267473220825195e+00
-1.213494777679443359e+00 9.526045322418212891e-01 -2.242926597595214844e+00
-1.204511761665344238e+00 9.545370340347290039e-01 -2.252142906188964844e+00
-1.186513423919677734e+00 9.492937922477722168e-01 -2.247027397155761719e+00
-1.266327142715454102e+00 9.380157589912414551e-01 -2.231131076812744141e+00
-1.270835161209106445e+00 9.498937726020812988e-01 -2.258837699890136719e+00
-1.256263375282287598e+00 9.475973248481750488e-01 -2.253633975982666016e+00
-1.238435268402099609e+00 9.427796006202697754e-01 -2.243426799774169922e+00
-1.228903532028198242e+00 9.442465305328369141e-01 -2.249450206756591797e+00
-1.221944451332092285e+00 9.477365016937255859e-01 -2.262028455734252930e+00
-1.205778002738952637e+00 9.440836906433105469e-01 -2.260006189346313477e+00
-1.258329868316650391e+00 9.376377463340759277e-01 -2.258181571960449219e+00
-1.245101213455200195e+00 9.363515973091125488e-01 -2.257295131683349609e+00
-1.238260746002197266e+00 9.398902654647827148e-01 -2.269672393798828125e+00
-1.222086906433105469e+00 9.363445043563842773e-01 -2.267222166061401367e+00
-1.205485582351684570e+00 9.324007034301757812e-01 -2.267258405685424805e+00
-1.286922216415405273e+00 9.301347732543945312e-01 -2.266880750656127930e+00
-1.271546006202697754e+00 9.358463883399963379e-01 -2.283424615859985352e+00
-1.250793695449829102e+00 9.290772676467895508e-01 -2.270319700241088867e+00
-1.231394290924072266e+00 9.231963157653808594e-01 -2.261444568634033203e+00
-1.221910357475280762e+00 9.247084259986877441e-01 -2.273826360702514648e+00
-1.271963596343994141e+00 9.161245822906494141e-01 -2.262809276580810547e+00
-1.268258810043334961e+00 9.218177199363708496e-01 -2.279859066009521484e+00
-1.253584027290344238e+00 9.195690155029296875e-01 -2.279239177703857422e+00
-1.233500123023986816e+00 9.132733941078186035e-01 -2.271409273147583008e+00
-1.261046767234802246e+00 9.050324559211730957e-01 -2.270226716995239258e+00
-1.255263209342956543e+00 9.092042446136474609e-01 -2.287661314010620117e+00
-1.264708280563354492e+00 8.879554867744445801e-01 -2.254688024520874023e+00
