-1.613753587007522583e-01 -3.234228193759918213e-01 -1.378424644470214844e+00
-1.567214876413345337e-01 -3.270504474639892578e-01 -1.393702268600463867e+00
-1.519678682088851929e-01 -3.307730853557586670e-01 -1.409372329711914062e+00
-1.448108404874801636e-01 -3.293640315532684326e-01 -1.403169751167297363e+00
-1.391799598932266235e-01 -3.314568102359771729e-01 -1.411880731582641602e+00
-1.327434629201889038e-01 -3.317430317401885986e-01 -1.412892341613769531e+00
-1.258735805749893188e-01 -3.309195935726165771e-01 -1.409177184104919434e+00
-1.182872653007507324e-01 -3.280191719532012939e-01 -1.396620273590087891e+00
-1.125093176960945129e-01 -3.300879001617431641e-01 -1.405223488807678223e+00
-1.063156574964523315e-01 -3.311166167259216309e-01 -1.409400463104248047e+00
-9.812514483928680420e-02 -3.256532251834869385e-01 -1.385951519012451172e+00
-8.493900299072265625e-02 -3.244556188583374023e-01 -1.380486965179443359e+00
-1.741775721311569214e-01 -3.298486471176147461e-01 -1.379150986671447754e+00
-1.694619804620742798e-01 -3.331460654735565186e-01 -1.392812132835388184e+00
-1.646491140127182007e-01 -3.365058600902557373e-01 -1.406718492507934570e+00
-1.589016318321228027e-01 -3.381538689136505127e-01 -1.413455843925476074e+00
-1.520880907773971558e-01 -3.375774323940277100e-01 -1.410885453224182129e+00
-1.461205780506134033e-01 -3.389114737510681152e-01 -1.416291713714599609e+00
-1.399974524974822998e-01 -3.399931490421295166e-01 -1.420636653900146484e+00
-1.332592815160751343e-01 -3.396142125129699707e-01 -1.418874263763427734e+00
-1.271503865718841553e-01 -3.408830165863037109e-01 -1.423992872238159180e+00
-1.193838790059089661e-01 -3.376033306121826172e-01 -1.410111308097839355e+00
-1.136144772171974182e-01 -3.399183452129364014e-01 -1.419599056243896484e+00
-1.069494560360908508e-01 -3.396738469600677490e-01 -1.418398618698120117e+00
-1.002067402005195618e-01 -3.391343653202056885e-01 -1.415970206260681152e+00
-9.335711598396301270e-02 -3.381319046020507812e-01 -1.411614537239074707e+00
-8.657415956258773804e-02 -3.372377753257751465e-01 -1.407718062400817871e+00
-7.893974334001541138e-02 -3.326099812984466553e-01 -1.388246059417724609e+00
-1.726341992616653442e-01 -3.332621455192565918e-01 -1.367118716239929199e+00
-1.696473509073257446e-01 -3.399743139743804932e-01 -1.394563794136047363e+00
-1.648406982421875000e-01 -3.434268832206726074e-01 -1.408621072769165039e+00
-1.588763296604156494e-01 -3.446528613567352295e-01 -1.413531899452209473e+00
-1.529704183340072632e-01 -3.461165130138397217e-01 -1.419406056404113770e+00
-1.473326236009597778e-01 -3.483456969261169434e-01 -1.428409457206726074e+00
-1.405904591083526611e-01 -3.480507135391235352e-01 -1.427054524421691895e+00
-1.340565830469131470e-01 -3.482677340507507324e-01 -1.427793741226196289e+00
-1.276035010814666748e-01 -3.487280607223510742e-01 -1.429526448249816895e+00
-1.210305914282798767e-01 -3.488934636116027832e-01 -1.430047869682312012e+00
-1.141502037644386292e-01 -3.481402695178985596e-01 -1.426803827285766602e+00
-1.073179319500923157e-01 -3.474501371383666992e-01 -1.423819661140441895e+00
-1.005781963467597961e-01 -3.469887077808380127e-01 -1.421775460243225098e+00
-9.385424852371215820e-02 -3.465208113193511963e-01 -1.419708728790283203e+00
-8.654005825519561768e-02 -3.436384499073028564e-01 -1.407755851745605469e+00
-7.958479225635528564e-02 -3.418269455432891846e-01 -1.400197744369506836e+00
-7.224617898464202881e-02 -3.379004001617431641e-01 -1.383984804153442383e+00
-1.734024882316589355e-01 -3.290331065654754639e-01 -1.324738264083862305e+00
-1.681336909532546997e-01 -3.307451605796813965e-01 -1.331596732139587402e+00
-1.638404726982116699e-01 -3.345798850059509277e-01 -1.346983909606933594e+00
-1.615230292081832886e-01 -3.429129719734191895e-01 -1.380464076995849609e+00
-1.585107445716857910e-01 -3.503974676132202148e-01 -1.410511374473571777e+00
-1.528358161449432373e-01 -3.523868024349212646e-01 -1.418424010276794434e+00
-1.476063728332519531e-01 -3.556282520294189453e-01 -1.431365251541137695e+00
-1.407156288623809814e-01 -3.549838960170745850e-01 -1.428657650947570801e+00
-1.341667324304580688e-01 -3.551808595657348633e-01 -1.429329395294189453e+00
-1.277554631233215332e-01 -3.557815253734588623e-01 -1.431620597839355469e+00
-1.211476549506187439e-01 -3.558707833290100098e-01 -1.431850194931030273e+00
-1.144487410783767700e-01 -3.556871712207794189e-01 -1.430979967117309570e+00
-1.074897721409797668e-01 -3.546230196952819824e-01 -1.426567435264587402e+00
-1.007271036505699158e-01 -3.541094362735748291e-01 -1.424370765686035156e+00
-9.400616586208343506e-02 -3.536806404590606689e-01 -1.422517895698547363e+00
-8.713279664516448975e-02 -3.525703847408294678e-01 -1.417927861213684082e+00
-7.928130775690078735e-02 -3.469977378845214844e-01 -1.395398259162902832e+00
-7.179825752973556519e-02 -3.421899974346160889e-01 -1.375953435897827148e+00
-1.770125627517700195e-01 -3.304510116577148438e-01 -1.306070446968078613e+00
-1.735645383596420288e-01 -3.354854583740234375e-01 -1.325989842414855957e+00
-1.676090359687805176e-01 -3.358648717403411865e-01 -1.327491283416748047e+00
-1.615211963653564453e-01 -3.359979093074798584e-01 -1.328001260757446289e+00
-1.554250121116638184e-01 -3.361234366893768311e-01 -1.328465819358825684e+00
-1.491423696279525757e-01 -3.358394503593444824e-01 -1.327298045158386230e+00
-1.438881307840347290e-01 -3.379464149475097656e-01 -1.335567235946655273e+00
-1.389611065387725830e-01 -3.410458862781524658e-01 -1.347747206687927246e+00
-8.393979817628860474e-02 -3.459875583648681641e-01 -1.366410732269287109e+00
-7.686511427164077759e-02 -3.426995575428009033e-01 -1.353328943252563477e+00
-7.014399766921997070e-02 -3.405432999134063721e-01 -1.344721674919128418e+00
-6.341642141342163086e-02 -3.379317224025726318e-01 -1.334322333335876465e+00
-5.648862943053245544e-02 -3.335728645324707031e-01 -1.317031264305114746e+00
-1.818857640027999878e-01 -3.343356251716613770e-01 -1.297482609748840332e+00
-1.780851334333419800e-01 -3.385426104068756104e-01 -1.313889622688293457e+00
-1.732676327228546143e-01 -3.410458862781524658e-01 -1.323663711547851562e+00
-1.671825498342514038e-01 -3.411464095115661621e-01 -1.324092030525207520e+00
-1.607361137866973877e-01 -3.404890894889831543e-01 -1.321560263633728027e+00
-1.543619781732559204e-01 -3.399389386177062988e-01 -1.319427490234375000e+00
-1.481465250253677368e-01 -3.397072851657867432e-01 -1.318515896797180176e+00
-1.419858038425445557e-01 -3.395865857601165771e-01 -1.318021774291992188e+00
-1.359192132949829102e-01 -3.396902680397033691e-01 -1.318386912345886230e+00
-1.294587701559066772e-01 -3.387730717658996582e-01 -1.314779996871948242e+00
-1.233545988798141479e-01 -3.387436270713806152e-01 -1.314610004425048828e+00
-1.173627972602844238e-01 -3.390357494354248047e-01 -1.315680742263793945e+00
-1.112664788961410522e-01 -3.390413820743560791e-01 -1.315634369850158691e+00
-1.054793596267700195e-01 -3.400444984436035156e-01 -1.319453954696655273e+00
-9.976253658533096313e-02 -3.414116799831390381e-01 -1.324682831764221191e+00
-9.362199157476425171e-02 -3.414130210876464844e-01 -1.324609994888305664e+00
-8.766455203294754028e-02 -3.421291410923004150e-01 -1.327309489250183105e+00
-8.202635496854782104e-02 -3.442933857440948486e-01 -1.335626959800720215e+00
-7.590267062187194824e-02 -3.446069061756134033e-01 -1.336765885353088379e+00
-6.965962797403335571e-02 -3.443861305713653564e-01 -1.335834503173828125e+00
-6.339456140995025635e-02 -3.440027236938476562e-01 -1.334275722503662109e+00
-5.666743963956832886e-02 -3.407579064369201660e-01 -1.321623206138610840e+00
-1.823586821556091309e-01 -3.412342071533203125e-01 -1.300650000572204590e+00
-1.784776747226715088e-01 -3.453915417194366455e-01 -1.316615819931030273e+00
-1.726132631301879883e-01 -3.458690643310546875e-01 -1.318532586097717285e+00
-1.666095852851867676e-01 -3.460923433303833008e-01 -1.319458365440368652e+00
-1.595661789178848267e-01 -3.440905511379241943e-01 -1.311881184577941895e+00
-1.533966809511184692e-01 -3.438892960548400879e-01 -1.311150670051574707e+00
-1.475125998258590698e-01 -3.443377912044525146e-01 -1.312881112098693848e+00
-1.415045261383056641e-01 -3.445228338241577148e-01 -1.313592910766601562e+00
-1.351435631513595581e-01 -3.438268303871154785e-01 -1.310932397842407227e+00
-1.288359761238098145e-01 -3.432074487209320068e-01 -1.308553099632263184e+00
-1.228271573781967163e-01 -3.433620929718017578e-01 -1.309115052223205566e+00
-1.167950853705406189e-01 -3.434644043445587158e-01 -1.309469461441040039e+00
-1.108441874384880066e-01 -3.438297510147094727e-01 -1.310819745063781738e+00
-1.047660633921623230e-01 -3.438199460506439209e-01 -1.310734033584594727e+00
-9.882503747940063477e-02 -3.442865610122680664e-01 -1.312460303306579590e+00
-9.299901127815246582e-02 -3.452412784099578857e-01 -1.316043972969055176e+00
-8.729107677936553955e-02 -3.467991650104522705e-01 -1.321924686431884766e+00
-8.140333741903305054e-02 -3.478240668773651123e-01 -1.325772166252136230e+00
-7.523249834775924683e-02 -3.477079272270202637e-01 -1.325270533561706543e+00
-6.921225786209106445e-02 -3.483290374279022217e-01 -1.327579975128173828e+00
-6.316895037889480591e-02 -3.489440083503723145e-01 -1.329867601394653320e+00
-5.674814060330390930e-02 -3.473810851573944092e-01 -1.323857903480529785e+00
-4.997394606471061707e-02 -3.430135250091552734e-01 -1.307164192199707031e+00
-1.852497309446334839e-01 -3.527688682079315186e-01 -1.320981502532958984e+00
-1.784206926822662354e-01 -3.513820767402648926e-01 -1.315947532653808594e+00
-1.724366992712020874e-01 -3.516201674938201904e-01 -1.316973805427551270e+00
-1.655263751745223999e-01 -3.499175906181335449e-01 -1.310707807540893555e+00
-1.588561534881591797e-01 -3.486121296882629395e-01 -1.305907487869262695e+00
-1.529380828142166138e-01 -3.489192724227905273e-01 -1.307128906250000000e+00
-1.471247375011444092e-01 -3.495004773139953613e-01 -1.309360027313232422e+00
-1.409348249435424805e-01 -3.491986989974975586e-01 -1.308267235755920410e+00
-1.344923377037048340e-01 -3.482158184051513672e-01 -1.304608821868896484e+00
-1.281061023473739624e-01 -3.472929298877716064e-01 -1.301162719726562500e+00
-1.224436536431312561e-01 -3.483379185199737549e-01 -1.305078506469726562e+00
-1.165245026350021362e-01 -3.487233519554138184e-01 -1.306513547897338867e+00
-1.104261055588722229e-01 -3.485850989818572998e-01 -1.305978775024414062e+00
-1.044834405183792114e-01 -3.489510118961334229e-01 -1.307325720787048340e+00
-9.849369525909423828e-02 -3.491950035095214844e-01 -1.308210611343383789e+00
-9.270380437374114990e-02 -3.502260744571685791e-01 -1.312039494514465332e+00
-8.680032193660736084e-02 -3.509425818920135498e-01 -1.314686536788940430e+00
-8.078202605247497559e-02 -3.512680828571319580e-01 -1.315866351127624512e+00
-7.499211281538009644e-02 -3.527209162712097168e-01 -1.321267962455749512e+00
-6.904647499322891235e-02 -3.536345660686492920e-01 -1.324649095535278320e+00
-6.291165947914123535e-02 -3.536630868911743164e-01 -1.324715256690979004e+00
-5.669133365154266357e-02 -3.531650900840759277e-01 -1.322810411453247070e+00
-1.908844560384750366e-01 -3.579745292663574219e-01 -1.317001223564147949e+00
-1.849764138460159302e-01 -3.583641946315765381e-01 -1.318662285804748535e+00
-1.789525151252746582e-01 -3.585484027862548828e-01 -1.319539427757263184e+00
-1.719527542591094971e-01 -3.567211329936981201e-01 -1.312987208366394043e+00
-1.653868854045867920e-01 -3.556929230690002441e-01 -1.309350609779357910e+00
-1.584155261516571045e-01 -3.536810576915740967e-01 -1.302069902420043945e+00
-1.526009440422058105e-01 -3.541947901248931885e-01 -1.304066300392150879e+00
-1.467091739177703857e-01 -3.545642197132110596e-01 -1.305513501167297363e+00
-1.403615176677703857e-01 -3.538163900375366211e-01 -1.302829623222351074e+00
-1.338368654251098633e-01 -3.525350391864776611e-01 -1.298166036605834961e+00
-1.279288530349731445e-01 -3.528338670730590820e-01 -1.299307107925415039e+00
-1.223334446549415588e-01 -3.540669083595275879e-01 -1.303876638412475586e+00
-1.162956058979034424e-01 -3.540810644626617432e-01 -1.303946852684020996e+00
-1.101869642734527588e-01 -3.538692891597747803e-01 -1.303175926208496094e+00
-1.042081713676452637e-01 -3.540742695331573486e-01 -1.303931355476379395e+00
-9.848666191101074219e-02 -3.552324473857879639e-01 -1.308190345764160156e+00
-9.258227050304412842e-02 -3.558396697044372559e-01 -1.310414671897888184e+00
-8.654147386550903320e-02 -3.559710383415222168e-01 -1.310881972312927246e+00
-8.051537722349166870e-02 -3.561872541904449463e-01 -1.311658024787902832e+00
-7.467713952064514160e-02 -3.573377728462219238e-01 -1.315872073173522949e+00
-6.882991641759872437e-02 -3.586460649967193604e-01 -1.320665240287780762e+00
-6.284248083829879761e-02 -3.594078719615936279e-01 -1.323444962501525879e+00
-5.675061792135238647e-02 -3.596724867820739746e-01 -1.324394106864929199e+00
-5.060931667685508728e-02 -3.596501648426055908e-01 -1.324286818504333496e+00
-4.415903240442276001e-02 -3.571227490901947021e-01 -1.314957141876220703e+00
-1.958684176206588745e-01 -3.620041012763977051e-01 -1.308686137199401855e+00
-1.906873583793640137e-01 -3.637077808380126953e-01 -1.315144896507263184e+00
-1.851256042718887329e-01 -3.647739887237548828e-01 -1.319269299507141113e+00
-1.781961619853973389e-01 -3.631260395050048828e-01 -1.313547849655151367e+00
-1.716217398643493652e-01 -3.621105253696441650e-01 -1.310085415840148926e+00
-1.648268699645996094e-01 -3.605382144451141357e-01 -1.304581642150878906e+00
-1.582687944173812866e-01 -3.593837916851043701e-01 -1.300565719604492188e+00
-1.524393409490585327e-01 -3.598579466342926025e-01 -1.302421569824218750e+00
-1.464774608612060547e-01 -3.600457012653350830e-01 -1.303221225738525391e+00
-1.399146616458892822e-01 -3.587089478969573975e-01 -1.298484683036804199e+00
-1.337117403745651245e-01 -3.582161962985992432e-01 -1.296786189079284668e+00
-1.277511715888977051e-01 -3.583568334579467773e-01 -1.297366023063659668e+00
-1.218692287802696228e-01 -3.587428927421569824e-01 -1.298820614814758301e+00
-1.158949285745620728e-01 -3.588830232620239258e-01 -1.299373149871826172e+00
-1.099199131131172180e-01 -3.590361773967742920e-01 -1.299962282180786133e+00
-1.040078327059745789e-01 -3.594245612621307373e-01 -1.301393747329711914e+00
-9.823392331600189209e-02 -3.603676557540893555e-01 -1.304825663566589355e+00
-9.243369847536087036e-02 -3.613316714763641357e-01 -1.308326125144958496e+00
-8.636934310197830200e-02 -3.613258898258209229e-01 -1.308309555053710938e+00
-8.032757043838500977e-02 -3.614209294319152832e-01 -1.308652877807617188e+00
-7.442720979452133179e-02 -3.622197806835174561e-01 -1.311540484428405762e+00
-6.858251988887786865e-02 -3.634555637836456299e-01 -1.316007494926452637e+00
-6.272207945585250854e-02 -3.648411333560943604e-01 -1.321014285087585449e+00
-5.673461779952049255e-02 -3.657075464725494385e-01 -1.324139833450317383e+00
-5.057047680020332336e-02 -3.655071854591369629e-01 -1.323402047157287598e+00
-4.411721974611282349e-02 -3.628734052181243896e-01 -1.313853740692138672e+00
-1.963221132755279541e-01 -3.689309656620025635e-01 -1.311089396476745605e+00
-1.908904612064361572e-01 -3.702045381069183350e-01 -1.315958499908447266e+00
-1.844920367002487183e-01 -3.696254193782806396e-01 -1.314210057258605957e+00
-1.779456138610839844e-01 -3.687000274658203125e-01 -1.311198711395263672e+00
-1.714729517698287964e-01 -3.678673505783081055e-01 -1.308487415313720703e+00
-1.645448058843612671e-01 -3.659605085849761963e-01 -1.301927328109741211e+00
-1.585402488708496094e-01 -3.660408556461334229e-01 -1.302410840988159180e+00
-1.525666117668151855e-01 -3.662016391754150391e-01 -1.303158402442932129e+00
-1.463992446660995483e-01 -3.658916056156158447e-01 -1.302209138870239258e+00
-1.400225609540939331e-01 -3.650092184543609619e-01 -1.299203276634216309e+00
-1.337139457464218140e-01 -3.642328977584838867e-01 -1.296556472778320312e+00
-1.276453882455825806e-01 -3.640682101249694824e-01 -1.296070575714111328e+00
-1.215343847870826721e-01 -3.637601733207702637e-01 -1.295059800148010254e+00
-1.155902221798896790e-01 -3.639455437660217285e-01 -1.295791745185852051e+00
-1.096432879567146301e-01 -3.641419112682342529e-01 -1.296551585197448730e+00
-1.037302315235137939e-01 -3.644801676273345947e-01 -1.297805666923522949e+00
-9.793235361576080322e-02 -3.652895987033843994e-01 -1.300728321075439453e+00
-9.211872518062591553e-02 -3.661426901817321777e-01 -1.303798079490661621e+00
-8.625721931457519531e-02 -3.669118583202362061e-01 -1.306562066078186035e+00
-8.020875602960586548e-02 -3.669418692588806152e-01 -1.306687593460083008e+00
-7.431004196405410767e-02 -3.677178323268890381e-01 -1.309464216232299805e+00
-6.847237050533294678e-02 -3.689606785774230957e-01 -1.313899040222167969e+00
-6.260457634925842285e-02 -3.702680468559265137e-01 -1.318560004234313965e+00
-5.666316673159599304e-02 -3.713756501674652100e-01 -1.322506904602050781e+00
-5.050632357597351074e-02 -3.711687624454498291e-01 -1.321770429611206055e+00
-4.391085356473922729e-02 -3.672364354133605957e-01 -1.307765841484069824e+00
-2.008038908243179321e-01 -3.720426857471466064e-01 -1.299548745155334473e+00
-1.962699443101882935e-01 -3.749196529388427734e-01 -1.310019254684448242e+00
-1.907271146774291992e-01 -3.759919106960296631e-01 -1.314152359962463379e+00
-1.844584196805953979e-01 -3.756567835807800293e-01 -1.313333511352539062e+00
-1.780409812927246094e-01 -3.749853968620300293e-01 -1.311306476593017578e+00
-1.715437471866607666e-01 -3.740925788879394531e-01 -1.308473944664001465e+00
-1.650262326002120972e-01 -3.730882704257965088e-01 -1.305222392082214355e+00
-1.584107875823974609e-01 -3.717776238918304443e-01 -1.300871849060058594e+00
-1.523318588733673096e-01 -3.716722130775451660e-01 -1.300713658332824707e+00
-1.461051553487777710e-01 -3.711826503276824951e-01 -1.299188256263732910e+00
-1.399749517440795898e-01 -3.709066510200500488e-01 -1.298389554023742676e+00
-1.338362693786621094e-01 -3.705824315547943115e-01 -1.297402858734130859e+00
-1.276302784681320190e-01 -3.700325191020965576e-01 -1.295608043670654297e+00
-1.216171011328697205e-01 -3.700149059295654297e-01 -1.295660853385925293e+00
-1.154634281992912292e-01 -3.695457875728607178e-01 -1.294117808341979980e+00
-1.094975546002388000e-01 -3.696592748165130615e-01 -1.294601917266845703e+00
-1.035141199827194214e-01 -3.697231709957122803e-01 -1.294900178909301758e+00
-9.760794043540954590e-02 -3.700878322124481201e-01 -1.296241283416748047e+00
-9.205619245767593384e-02 -3.719323277473449707e-01 -1.302756190299987793e+00
-8.609128743410110474e-02 -3.722494244575500488e-01 -1.303912639617919922e+00
-8.016977459192276001e-02 -3.728161156177520752e-01 -1.305935859680175781e+00
-7.434126734733581543e-02 -3.739432394504547119e-01 -1.309915661811828613e+00
-6.848063319921493530e-02 -3.750948309898376465e-01 -1.313975453376770020e+00
-6.261523813009262085e-02 -3.764425218105316162e-01 -1.318717360496520996e+00
-5.670454353094100952e-02 -3.777800202369689941e-01 -1.323419570922851562e+00
-5.056279152631759644e-02 -3.777158856391906738e-01 -1.323207855224609375e+00
-4.434319958090782166e-02 -3.769722580909729004e-01 -1.320612788200378418e+00
-2.020305395126342773e-01 -3.803923726081848145e-01 -1.306623935699462891e+00
-1.968417912721633911e-01 -3.821164667606353760e-01 -1.313014268875122070e+00
-1.897512525320053101e-01 -3.801409900188446045e-01 -1.306654930114746094e+00
-1.845814138650894165e-01 -3.820099830627441406e-01 -1.313474774360656738e+00
-1.781813204288482666e-01 -3.813735544681549072e-01 -1.311648607254028320e+00
-1.713913679122924805e-01 -3.798281252384185791e-01 -1.306662917137145996e+00
-1.648662835359573364e-01 -3.787778019905090332e-01 -1.303349256515502930e+00
-1.577718406915664673e-01 -3.762894272804260254e-01 -1.295057773590087891e+00
-1.517698615789413452e-01 -3.763127326965332031e-01 -1.295383572578430176e+00
-1.456966996192932129e-01 -3.761541843414306641e-01 -1.295059800148010254e+00
-1.398461759090423584e-01 -3.765815198421478271e-01 -1.296731233596801758e+00
-1.337048560380935669e-01 -3.762289583683013916e-01 -1.295697212219238281e+00
-1.277232617139816284e-01 -3.763138651847839355e-01 -1.296150684356689453e+00
-1.215876042842864990e-01 -3.759308159351348877e-01 -1.294974803924560547e+00
-1.154887974262237549e-01 -3.756277859210968018e-01 -1.294058680534362793e+00
-1.093262284994125366e-01 -3.750727772712707520e-01 -1.292259454727172852e+00
-1.032981351017951965e-01 -3.749415874481201172e-01 -1.291906714439392090e+00
-9.749975800514221191e-02 -3.756792843341827393e-01 -1.294536113739013672e+00
-9.171172976493835449e-02 -3.765563070774078369e-01 -1.297634840011596680e+00
-8.597031235694885254e-02 -3.777612447738647461e-01 -1.301853895187377930e+00
-8.000951260328292847e-02 -3.781113326549530029e-01 -1.303118228912353516e+00
-7.420190423727035522e-02 -3.793017268180847168e-01 -1.307270646095275879e+00
-6.855890899896621704e-02 -3.816200792789459229e-01 -1.315303802490234375e+00
-6.272996962070465088e-02 -3.832549750804901123e-01 -1.320975184440612793e+00
-5.679699033498764038e-02 -3.845390975475311279e-01 -1.325432300567626953e+00
-5.070121213793754578e-02 -3.848988115787506104e-01 -1.326698064804077148e+00
-4.424204677343368530e-02 -3.822184205055236816e-01 -1.317480564117431641e+00
-3.814532235264778137e-02 -3.823123276233673096e-01 -1.317821502685546875e+00
-2.073422670364379883e-01 -3.850482702255249023e-01 -1.300307512283325195e+00
-2.025861442089080811e-01 -3.875321149826049805e-01 -1.309249401092529297e+00
-1.968463361263275146e-01 -3.882299065589904785e-01 -1.312121272087097168e+00
-1.906477212905883789e-01 -3.880385458469390869e-01 -1.311949968338012695e+00
-1.842803508043289185e-01 -3.874797224998474121e-01 -1.310499072074890137e+00
-1.775142848491668701e-01 -3.860156834125518799e-01 -1.305950045585632324e+00
-1.711506694555282593e-01 -3.853541016578674316e-01 -1.304081439971923828e+00
-1.640019714832305908e-01 -3.828114271163940430e-01 -1.295813679695129395e+00
-1.576583385467529297e-01 -3.820258080959320068e-01 -1.293462395668029785e+00
-1.513288021087646484e-01 -3.812134265899658203e-01 -1.290992856025695801e+00
-1.456116586923599243e-01 -3.819403350353240967e-01 -1.293711185455322266e+00
-1.396848261356353760e-01 -3.821561038494110107e-01 -1.294675707817077637e+00
-1.335986554622650146e-01 -3.819357752799987793e-01 -1.294141054153442383e+00
-1.274923980236053467e-01 -3.816345334053039551e-01 -1.293311834335327148e+00
-1.213590055704116821e-01 -3.812183439731597900e-01 -1.292074203491210938e+00
-1.151812970638275146e-01 -3.806124627590179443e-01 -1.290175795555114746e+00
-1.090878918766975403e-01 -3.802340030670166016e-01 -1.289032101631164551e+00
-1.032029464840888977e-01 -3.805803656578063965e-01 -1.290330767631530762e+00
-9.739033132791519165e-02 -3.812525272369384766e-01 -1.292720913887023926e+00
-9.162151068449020386e-02 -3.821955919265747070e-01 -1.296017765998840332e+00
-8.578279614448547363e-02 -3.829590082168579102e-01 -1.298694133758544922e+00
-7.986156642436981201e-02 -3.834415078163146973e-01 -1.300408005714416504e+00
-7.402925938367843628e-02 -3.844645619392395020e-01 -1.303945899009704590e+00
-6.825397163629531860e-02 -3.859921097755432129e-01 -1.309186458587646484e+00
-6.255263090133666992e-02 -3.882768154144287109e-01 -1.316987872123718262e+00
-5.669366568326950073e-02 -3.899715244770050049e-01 -1.322781562805175781e+00
-5.056950077414512634e-02 -3.900318741798400879e-01 -1.323024868965148926e+00
-4.439564794301986694e-02 -3.896727263927459717e-01 -1.321839451789855957e+00
-3.813005611300468445e-02 -3.882644474506378174e-01 -1.317089676856994629e+00
-3.229016438126564026e-02 -3.914803564548492432e-01 -1.328021407127380371e+00
-2.136027216911315918e-01 -3.914801478385925293e-01 -1.299803256988525391e+00
-2.081347554922103882e-01 -3.925976753234863281e-01 -1.304158329963684082e+00
-2.029645740985870361e-01 -3.943610191345214844e-01 -1.310619115829467773e+00
-1.962818354368209839e-01 -3.932036459445953369e-01 -1.307332158088684082e+00
-1.899962276220321655e-01 -3.927932977676391602e-01 -1.306486964225769043e+00
-1.835703253746032715e-01 -3.920561075210571289e-01 -1.304515480995178223e+00
-1.769326925277709961e-01 -3.908008635044097900e-01 -1.300782322883605957e+00
-1.706897467374801636e-01 -3.903594017028808594e-01 -1.299722313880920410e+00
-1.642458438873291016e-01 -3.894090354442596436e-01 -1.296935081481933594e+00
-1.573531180620193481e-01 -3.872816264629364014e-01 -1.290194988250732422e+00
-1.512346118688583374e-01 -3.869666755199432373e-01 -1.289463043212890625e+00
-1.454436033964157104e-01 -3.874982893466949463e-01 -1.291525959968566895e+00
-1.395216733217239380e-01 -3.877118229866027832e-01 -1.292504906654357910e+00
-1.333797872066497803e-01 -3.873058557510375977e-01 -1.291395425796508789e+00
-1.272837817668914795e-01 -3.870011568069458008e-01 -1.290601611137390137e+00
-1.210166513919830322e-01 -3.861203789710998535e-01 -1.287866234779357910e+00
-1.148990988731384277e-01 -3.856501281261444092e-01 -1.286480665206909180e+00
-1.089511960744857788e-01 -3.857288658618927002e-01 -1.286909222602844238e+00
-1.030782014131546021e-01 -3.860974609851837158e-01 -1.288288593292236328e+00
-9.731236845254898071e-02 -3.869374096393585205e-01 -1.291226506233215332e+00
-9.142497181892395020e-02 -3.873725533485412598e-01 -1.292800188064575195e+00
-8.551678806543350220e-02 -3.877744674682617188e-01 -1.294250488281250000e+00
-7.987159490585327148e-02 -3.895196914672851562e-01 -1.300172924995422363e+00
-7.392685115337371826e-02 -3.899697661399841309e-01 -1.301761984825134277e+00
-6.794656068086624146e-02 -3.902957439422607422e-01 -1.302926778793334961e+00
-6.219244748353958130e-02 -3.921113014221191406e-01 -1.309055447578430176e+00
-5.638763308525085449e-02 -3.939653635025024414e-01 -1.315304517745971680e+00
-5.046808347105979919e-02 -3.953703045845031738e-01 -1.320047020912170410e+00
-4.427457973361015320e-02 -3.947207033634185791e-01 -1.317922234535217285e+00
-3.814013674855232239e-02 -3.944738805294036865e-01 -1.317135572433471680e+00
-3.199378028512001038e-02 -3.939862549304962158e-01 -1.315538406372070312e+00
-2.139152586460113525e-01 -3.981222510337829590e-01 -1.300427675247192383e+00
-2.087766677141189575e-01 -3.999049365520477295e-01 -1.306947350502014160e+00
-2.026647180318832397e-01 -3.998743891716003418e-01 -1.307498455047607422e+00
-1.960627436637878418e-01 -3.988450765609741211e-01 -1.304738759994506836e+00
-1.896824687719345093e-01 -3.982153236865997314e-01 -1.303242683410644531e+00
-1.831390708684921265e-01 -3.971901237964630127e-01 -1.300411105155944824e+00
-1.760623157024383545e-01 -3.948985338211059570e-01 -1.293392419815063477e+00
-1.701993346214294434e-01 -3.952635228633880615e-01 -1.295037269592285156e+00
-1.637821495532989502e-01 -3.943209946155548096e-01 -1.292364954948425293e+00
-1.573721617460250854e-01 -3.933246731758117676e-01 -1.289483070373535156e+00
-1.513119488954544067e-01 -3.931581377983093262e-01 -1.289291501045227051e+00
-1.450650542974472046e-01 -3.924728929996490479e-01 -1.287370562553405762e+00
-1.391158550977706909e-01 -3.925687372684478760e-01 -1.287985563278198242e+00
-1.332002133131027222e-01 -3.927721083164215088e-01 -1.288929104804992676e+00
-1.271640062332153320e-01 -3.926224112510681152e-01 -1.288691163063049316e+00
-1.208334043622016907e-01 -3.915040493011474609e-01 -1.285251855850219727e+00
-1.146972402930259705e-01 -3.909322321414947510e-01 -1.283585667610168457e+00
-1.089350506663322449e-01 -3.916422724723815918e-01 -1.286109566688537598e+00
-1.030707433819770813e-01 -3.920461535453796387e-01 -1.287611603736877441e+00
-9.712080657482147217e-02 -3.921540379524230957e-01 -1.288125038146972656e+00
-9.116049110889434814e-02 -3.922314047813415527e-01 -1.288523316383361816e+00
-8.538107573986053467e-02 -3.931526243686676025e-01 -1.291679739952087402e+00
-7.997442781925201416e-02 -3.960590064525604248e-01 -1.301346421241760254e+00
-7.375604659318923950e-02 -3.950918614864349365e-01 -1.298273921012878418e+00
-6.781233102083206177e-02 -3.955548107624053955e-01 -1.299889087677001953e+00
-6.207273900508880615e-02 -3.974150419235229492e-01 -1.306085705757141113e+00
-5.626956745982170105e-02 -3.992265760898590088e-01 -1.312113165855407715e+00
-5.015602335333824158e-02 -3.990083932876586914e-01 -1.311460375785827637e+00
-4.408891126513481140e-02 -3.991503417491912842e-01 -1.311982512474060059e+00
-3.814060613512992859e-02 -4.005855619907379150e-01 -1.316747546195983887e+00
-3.205765038728713989e-02 -4.008841812610626221e-01 -1.317768573760986328e+00
-2.194002717733383179e-01 -4.031179547309875488e-01 -1.294794082641601562e+00
-2.145711928606033325e-01 -4.054309129714965820e-01 -1.303018450736999512e+00
-2.090504169464111328e-01 -4.065337479114532471e-01 -1.307311058044433594e+00
-2.031363695859909058e-01 -4.069151580333709717e-01 -1.309239625930786133e+00
-1.965170353651046753e-01 -4.058635830879211426e-01 -1.306511402130126953e+00
-1.888156831264495850e-01 -4.024385809898376465e-01 -1.296093463897705078e+00
-1.821712404489517212e-01 -4.011141955852508545e-01 -1.292393565177917480e+00
-1.760365366935729980e-01 -4.008599817752838135e-01 -1.292101383209228516e+00
-1.699143201112747192e-01 -4.006172418594360352e-01 -1.291809439659118652e+00
-1.633272171020507812e-01 -3.992203474044799805e-01 -1.287759900093078613e+00
-1.571622788906097412e-01 -3.987882137298583984e-01 -1.286787867546081543e+00
-1.511600762605667114e-01 -3.987511694431304932e-01 -1.287059545516967773e+00
-1.450058519840240479e-01 -3.982934355735778809e-01 -1.285944104194641113e+00
-1.388799101114273071e-01 -3.978773951530456543e-01 -1.284935355186462402e+00
-1.329505443572998047e-01 -3.980123996734619141e-01 -1.285680174827575684e+00
-1.269880980253219604e-01 -3.980564475059509277e-01 -1.286107063293457031e+00
-1.204557716846466064e-01 -3.962302803993225098e-01 -1.280467510223388672e+00
-1.145022362470626831e-01 -3.962171375751495361e-01 -1.280664443969726562e+00
-1.087613031268119812e-01 -3.969785571098327637e-01 -1.283345222473144531e+00
-1.028844341635704041e-01 -3.973033428192138672e-01 -1.284596323966979980e+00
-9.694122523069381714e-02 -3.973961472511291504e-01 -1.285079717636108398e+00
-9.114947170019149780e-02 -3.981627523899078369e-01 -1.287725925445556641e+00
-8.549750596284866333e-02 -3.996904492378234863e-01 -1.292818903923034668e+00
-7.949764281511306763e-02 -3.996996581554412842e-01 -1.292986154556274414e+00
-7.367097586393356323e-02 -4.006522893905639648e-01 -1.296191811561584473e+00
-6.777145713567733765e-02 -4.013428986072540283e-01 -1.298537254333496094e+00
-6.192075833678245544e-02 -4.024856984615325928e-01 -1.302334070205688477e+00
-5.604536086320877075e-02 -4.036977291107177734e-01 -1.306344032287597656e+00
-4.999319836497306824e-02 -4.037760794162750244e-01 -1.306674957275390625e+00
-4.400442540645599365e-02 -4.044587910175323486e-01 -1.308951258659362793e+00
-3.818105906248092651e-02 -4.071237742900848389e-01 -1.317633628845214844e+00
-3.213357180356979370e-02 -4.079594910144805908e-01 -1.320386767387390137e+00
-2.554550208151340485e-02 -4.007092714309692383e-01 -1.296959757804870605e+00
-2.219245731830596924e-01 -4.027666747570037842e-01 -1.272110581398010254e+00
-2.202302366495132446e-01 -4.107190072536468506e-01 -1.298126578330993652e+00
-2.147990018129348755e-01 -4.119557142257690430e-01 -1.302884221076965332e+00
-2.092533707618713379e-01 -4.130387902259826660e-01 -1.307110190391540527e+00
-2.029319554567337036e-01 -4.126097559928894043e-01 -1.306503415107727051e+00
-1.961707174777984619e-01 -4.112320840358734131e-01 -1.302843451499938965e+00
-1.886830478906631470e-01 -4.081945717334747314e-01 -1.293874025344848633e+00
-1.821661889553070068e-01 -4.071259796619415283e-01 -1.291097283363342285e+00
-1.755293309688568115e-01 -4.057069718837738037e-01 -1.287166118621826172e+00
-1.692535728216171265e-01 -4.050515890121459961e-01 -1.285617470741271973e+00
-1.628016382455825806e-01 -4.039110541343688965e-01 -1.282491087913513184e+00
-1.567680686712265015e-01 -4.037610590457916260e-01 -1.282474875450134277e+00
-1.508203744888305664e-01 -4.038291573524475098e-01 -1.283119201660156250e+00
-1.448307335376739502e-01 -4.037859141826629639e-01 -1.283379793167114258e+00
-1.388897448778152466e-01 -4.038804471492767334e-01 -1.284049391746520996e+00
-1.328712403774261475e-01 -4.037479162216186523e-01 -1.283970236778259277e+00
-1.265143901109695435e-01 -4.025264382362365723e-01 -1.280401229858398438e+00
-1.202214881777763367e-01 -4.013977944850921631e-01 -1.277101635932922363e+00
-1.141807883977890015e-01 -4.010376334190368652e-01 -1.276223301887512207e+00
-1.084618419408798218e-01 -4.018300771713256836e-01 -1.278991818428039551e+00
-1.026712730526924133e-01 -4.024336934089660645e-01 -1.281139731407165527e+00
-9.691084921360015869e-02 -4.032369852066040039e-01 -1.283905148506164551e+00
-9.108687192201614380e-02 -4.038639664649963379e-01 -1.286091923713684082e+00
-8.554886281490325928e-02 -4.059358239173889160e-01 -1.292863726615905762e+00
-7.973486185073852539e-02 -4.069120883941650391e-01 -1.296131491661071777e+00
-7.366130501031875610e-02 -4.066150486469268799e-01 -1.295328378677368164e+00
-6.772103160619735718e-02 -4.070663154125213623e-01 -1.296894550323486328e+00
-6.173408031463623047e-02 -4.072977006435394287e-01 -1.297747015953063965e+00
-5.578397959470748901e-02 -4.078485667705535889e-01 -1.299604535102844238e+00
-4.988699406385421753e-02 -4.089684784412384033e-01 -1.303263425827026367e+00
-4.400906339287757874e-02 -4.105753600597381592e-01 -1.308462977409362793e+00
-3.818058967590332031e-02 -4.132320284843444824e-01 -1.316997289657592773e+00
-3.212356939911842346e-02 -4.139564335346221924e-01 -1.319363474845886230e+00
-2.260486334562301636e-01 -4.163205325603485107e-01 -1.294008731842041016e+00
-2.238686531782150269e-01 -4.236809313297271729e-01 -1.317855596542358398e+00
-2.169521301984786987e-01 -4.222405552864074707e-01 -1.314286470413208008e+00
-2.093065828084945679e-01 -4.192557632923126221e-01 -1.305848598480224609e+00
-2.025380730628967285e-01 -4.179010391235351562e-01 -1.302428960800170898e+00
-1.955585479736328125e-01 -4.160134196281433105e-01 -1.297295093536376953e+00
-1.885433048009872437e-01 -4.139265418052673340e-01 -1.291487693786621094e+00
-1.822762638330459595e-01 -4.133985340595245361e-01 -1.290496706962585449e+00
-1.762110739946365356e-01 -4.133079051971435547e-01 -1.290829181671142578e+00
-1.687283217906951904e-01 -4.097681939601898193e-01 -1.280345559120178223e+00
-1.626154184341430664e-01 -4.094175100326538086e-01 -1.279783964157104492e+00
-1.565397083759307861e-01 -4.091373383998870850e-01 -1.279406905174255371e+00
-1.504707336425781250e-01 -4.088532626628875732e-01 -1.278983831405639648e+00
-1.444908082485198975e-01 -4.087977111339569092e-01 -1.279243350028991699e+00
-1.387369334697723389e-01 -4.094043970108032227e-01 -1.281545996665954590e+00
-1.327299028635025024e-01 -4.092850387096405029e-01 -1.281547665596008301e+00
-1.264835000038146973e-01 -4.083815813064575195e-01 -1.279066443443298340e+00
-1.204074919223785400e-01 -4.079661667346954346e-01 -1.278087139129638672e+00
-1.142255738377571106e-01 -4.071301221847534180e-01 -1.275764822959899902e+00
-1.083891689777374268e-01 -4.075013995170593262e-01 -1.277202725410461426e+00
-1.027657836675643921e-01 -4.087631106376647949e-01 -1.281410574913024902e+00
-9.700950235128402710e-02 -4.096189439296722412e-01 -1.284326791763305664e+00
-9.112636744976043701e-02 -4.100163280963897705e-01 -1.285786747932434082e+00
-8.531961590051651001e-02 -4.108372330665588379e-01 -1.288556933403015137e+00
-7.960627228021621704e-02 -4.122658967971801758e-01 -1.293216586112976074e+00
-7.369068264961242676e-02 -4.127949476242065430e-01 -1.295038580894470215e+00
-6.752097606658935547e-02 -4.118680059909820557e-01 -1.292276620864868164e+00
-6.165757775306701660e-02 -4.128109514713287354e-01 -1.295366406440734863e+00
-5.576555803418159485e-02 -4.137454926967620850e-01 -1.298416137695312500e+00
-4.989666119217872620e-02 -4.150990843772888184e-01 -1.302767515182495117e+00
-4.406780377030372620e-02 -4.172053337097167969e-01 -1.309468865394592285e+00
-3.812239691615104675e-02 -4.187060594558715820e-01 -1.314257383346557617e+00
-3.207007795572280884e-02 -4.193808734416961670e-01 -1.316441535949707031e+00
-2.608981169760227203e-02 -4.215377271175384521e-01 -1.323266029357910156e+00
-1.964849047362804413e-02 -4.152790307998657227e-01 -1.303660988807678223e+00
-2.284774482250213623e-01 -4.269281327724456787e-01 -1.306022047996520996e+00
-2.235023379325866699e-01 -4.291540086269378662e-01 -1.313854932785034180e+00
-2.175010293722152710e-01 -4.294798672199249268e-01 -1.315820455551147461e+00
-2.096788287162780762e-01 -4.261241853237152100e-01 -1.306446313858032227e+00
-2.023845911026000977e-01 -4.236719608306884766e-01 -1.299778461456298828e+00
-1.952698528766632080e-01 -4.214549660682678223e-01 -1.293774127960205078e+00
-1.883640587329864502e-01 -4.195615053176879883e-01 -1.288708925247192383e+00
-1.819629073143005371e-01 -4.187039732933044434e-01 -1.286776542663574219e+00
-1.758497357368469238e-01 -4.184731841087341309e-01 -1.286725997924804688e+00
-1.692786663770675659e-01 -4.170978069305419922e-01 -1.283113360404968262e+00
-1.627904325723648071e-01 -4.158330857753753662e-01 -1.279798865318298340e+00
-1.565512865781784058e-01 -4.151324927806854248e-01 -1.278181314468383789e+00
-1.503240615129470825e-01 -4.144092500209808350e-01 -1.276457667350769043e+00
-1.442873477935791016e-01 -4.141731262207031250e-01 -1.276200175285339355e+00
-1.383018195629119873e-01 -4.140699803829193115e-01 -1.276320695877075195e+00
-1.323495060205459595e-01 -4.140615165233612061e-01 -1.276703000068664551e+00
-1.264360696077346802e-01 -4.141795933246612549e-01 -1.277447104454040527e+00
-1.204525306820869446e-01 -4.140683114528656006e-01 -1.277456998825073242e+00
-1.145402565598487854e-01 -4.142032265663146973e-01 -1.278200507164001465e+00
-1.085647642612457275e-01 -4.141117930412292480e-01 -1.278221249580383301e+00
-1.028071045875549316e-01 -4.148888587951660156e-01 -1.280900001525878906e+00
-9.697175025939941406e-02 -4.154286980628967285e-01 -1.282825112342834473e+00
-9.116400033235549927e-02 -4.161653220653533936e-01 -1.285337805747985840e+00
-8.522864431142807007e-02 -4.163819849491119385e-01 -1.286224842071533203e+00
-7.932902872562408447e-02 -4.168192148208618164e-01 -1.287774801254272461e+00
-7.335817068815231323e-02 -4.169228971004486084e-01 -1.288276076316833496e+00
-6.741435825824737549e-02 -4.172124564647674561e-01 -1.289334416389465332e+00
-6.170397996902465820e-02 -4.191441535949707031e-01 -1.295451760292053223e+00
-5.582210794091224670e-02 -4.202027618885040283e-01 -1.298856019973754883e+00
-4.995886981487274170e-02 -4.216755330562591553e-01 -1.303525447845458984e+00
-4.406211525201797485e-02 -4.232327938079833984e-01 -1.308442354202270508e+00
-3.811967745423316956e-02 -4.247797131538391113e-01 -1.313313364982604980e+00
-3.210039809346199036e-02 -4.258969128131866455e-01 -1.316842436790466309e+00
-2.592249773442745209e-02 -4.249401986598968506e-01 -1.313945531845092773e+00
-1.979328505694866180e-02 -4.244379103183746338e-01 -1.312440514564514160e+00
-2.294870316982269287e-01 -4.349760413169860840e-01 -1.309759974479675293e+00
-2.232237011194229126e-01 -4.347776174545288086e-01 -1.310241222381591797e+00
-2.158913761377334595e-01 -4.324267804622650146e-01 -1.304172158241271973e+00
-2.093081325292587280e-01 -4.314828515052795410e-01 -1.302283406257629395e+00
-2.025098055601119995e-01 -4.300253689289093018e-01 -1.298787117004394531e+00
-1.952995210886001587e-01 -4.275756478309631348e-01 -1.292235493659973145e+00
-1.878947615623474121e-01 -4.245296716690063477e-01 -1.283823251724243164e+00
-1.816023290157318115e-01 -4.238786101341247559e-01 -1.282600998878479004e+00
-1.755101829767227173e-01 -4.236664474010467529e-01 -1.282661557197570801e+00
-1.692836284637451172e-01 -4.231033623218536377e-01 -1.281616687774658203e+00
-1.627845615148544312e-01 -4.217928349971771240e-01 -1.278264999389648438e+00
-1.565419286489486694e-01 -4.210721850395202637e-01 -1.276660323143005371e+00
-1.503002792596817017e-01 -4.202971756458282471e-01 -1.274852514266967773e+00
-1.441916674375534058e-01 -4.198456406593322754e-01 -1.273989677429199219e+00
-1.381938457489013672e-01 -4.196917414665222168e-01 -1.273996472358703613e+00
-1.321904510259628296e-01 -4.195062816143035889e-01 -1.273875832557678223e+00
-1.262785941362380981e-01 -4.196075201034545898e-01 -1.274595856666564941e+00
-1.203937679529190063e-01 -4.198130369186401367e-01 -1.275604367256164551e+00
-1.144625395536422729e-01 -4.198696911334991455e-01 -1.276133656501770020e+00
-1.086108684539794922e-01 -4.202404022216796875e-01 -1.277591824531555176e+00
-1.027309074997901917e-01 -4.205382466316223145e-01 -1.278804540634155273e+00
-9.686309844255447388e-02 -4.209256768226623535e-01 -1.280266165733337402e+00
-9.099356085062026978e-02 -4.213558137416839600e-01 -1.281836152076721191e+00
-8.522699773311614990e-02 -4.223567247390747070e-01 -1.285121560096740723e+00
-7.925617694854736328e-02 -4.224200248718261719e-01 -1.285534262657165527e+00
-7.333789020776748657e-02 -4.227965772151947021e-01 -1.286880731582641602e+00
-6.753035634756088257e-02 -4.239353835582733154e-01 -1.290529131889343262e+00
-6.155429035425186157e-02 -4.241352081298828125e-01 -1.291301369667053223e+00
-5.578326061367988586e-02 -4.259439110755920410e-01 -1.296955347061157227e+00
-4.996918514370918274e-02 -4.278227090835571289e-01 -1.302806854248046875e+00
-4.411927983164787292e-02 -4.298710227012634277e-01 -1.309159517288208008e+00
-3.814847022294998169e-02 -4.312086403369903564e-01 -1.313332557678222656e+00
-3.214268013834953308e-02 -4.325855076313018799e-01 -1.317610144615173340e+00
-2.599978446960449219e-02 -4.323311150074005127e-01 -1.316904306411743164e+00
-1.970983110368251801e-02 -4.287212491035461426e-01 -1.305962085723876953e+00
-1.350473333150148392e-02 -4.245639443397521973e-01 -1.293336868286132812e+00
-2.291935831308364868e-01 -4.405734241008758545e-01 -1.305917024612426758e+00
-2.228312641382217407e-01 -4.401611089706420898e-01 -1.305828094482421875e+00
-2.154282629489898682e-01 -4.376113712787628174e-01 -1.299332022666931152e+00
-2.083728313446044922e-01 -4.356393814086914062e-01 -1.294484138488769531e+00
-2.018334269523620605e-01 -4.346601068973541260e-01 -1.292525410652160645e+00
-1.948012262582778931e-01 -4.325259029865264893e-01 -1.287074327468872070e+00
-1.882360279560089111e-01 -4.313251078128814697e-01 -1.284344673156738281e+00
-1.814727485179901123e-01 -4.295761287212371826e-01 -1.279929637908935547e+00
-1.751824021339416504e-01 -4.288652837276458740e-01 -1.278558373451232910e+00
-1.687562316656112671e-01 -4.277597963809967041e-01 -1.275964379310607910e+00
-1.625508815050125122e-01 -4.271534681320190430e-01 -1.274815320968627930e+00
-1.563947051763534546e-01 -4.266350269317626953e-01 -1.273887634277343750e+00
-1.502820104360580444e-01 -4.261988997459411621e-01 -1.273166537284851074e+00
-1.443367898464202881e-01 -4.262213110923767090e-01 -1.273778676986694336e+00
-1.382448971271514893e-01 -4.257939159870147705e-01 -1.273011684417724609e+00
-1.321228295564651489e-01 -4.252309203147888184e-01 -1.271805286407470703e+00
-1.261147409677505493e-01 -4.249990880489349365e-01 -1.271557092666625977e+00
-1.201281100511550903e-01 -4.248202741146087646e-01 -1.271437168121337891e+00
-1.142778396606445312e-01 -4.251300692558288574e-01 -1.272751212120056152e+00
-1.084327399730682373e-01 -4.254941642284393311e-01 -1.274201035499572754e+00
-1.026064679026603699e-01 -4.259785711765289307e-01 -1.275985598564147949e+00
-9.658631682395935059e-02 -4.256682693958282471e-01 -1.275364756584167480e+00
-9.057958424091339111e-02 -4.253802597522735596e-01 -1.274786353111267090e+00
-8.487720042467117310e-02 -4.265813529491424561e-01 -1.278648257255554199e+00
-7.911922037601470947e-02 -4.276633560657501221e-01 -1.282132387161254883e+00
-7.340413331985473633e-02 -4.291728138923645020e-01 -1.286878108978271484e+00
-6.756901741027832031e-02 -4.301865696907043457e-01 -1.290118575096130371e+00
-6.156151741743087769e-02 -4.301936030387878418e-01 -1.290320515632629395e+00
-5.558132380247116089e-02 -4.304136633872985840e-01 -1.291142344474792480e+00
-5.004098266363143921e-02 -4.345062673091888428e-01 -1.303564071655273438e+00
-4.401081427931785583e-02 -4.348883330821990967e-01 -1.304837346076965332e+00
-3.805568069219589233e-02 -4.362530410289764404e-01 -1.309041857719421387e+00
-3.198846429586410522e-02 -4.366082251071929932e-01 -1.310200572013854980e+00
-2.591436170041561127e-02 -4.370145797729492188e-01 -1.311496019363403320e+00
-1.980695687234401703e-02 -4.369366765022277832e-01 -1.311322093009948730e+00
-1.345141418278217316e-02 -4.288778901100158691e-01 -1.287179112434387207e+00
-2.341567128896713257e-01 -4.444673359394073486e-01 -1.295765995979309082e+00
-2.285360097885131836e-01 -4.454453289508819580e-01 -1.299867153167724609e+00
-2.223212271928787231e-01 -4.452873468399047852e-01 -1.300593495368957520e+00
-2.156464159488677979e-01 -4.441729187965393066e-01 -1.298462986946105957e+00
-2.079249322414398193e-01 -4.407745897769927979e-01 -1.289587259292602539e+00
-2.008575350046157837e-01 -4.386000931262969971e-01 -1.284223914146423340e+00
-1.947388797998428345e-01 -4.384266734123229980e-01 -1.284661650657653809e+00
-1.880973726511001587e-01 -4.370273649692535400e-01 -1.281453251838684082e+00
-1.815660297870635986e-01 -4.358000159263610840e-01 -1.278695106506347656e+00
-1.749513149261474609e-01 -4.342816770076751709e-01 -1.275031685829162598e+00
-1.687502562999725342e-01 -4.337190687656402588e-01 -1.274125814437866211e+00
-1.622935533523559570e-01 -4.324339926242828369e-01 -1.271052002906799316e+00
-1.561262011528015137e-01 -4.318512678146362305e-01 -1.269998788833618164e+00
-1.502354592084884644e-01 -4.320178329944610596e-01 -1.271109342575073242e+00
-1.442976146936416626e-01 -4.320571720600128174e-01 -1.271808266639709473e+00
-1.381164789199829102e-01 -4.313400089740753174e-01 -1.270243763923645020e+00
-1.319005042314529419e-01 -4.304447174072265625e-01 -1.268118381500244141e+00
-1.257211416959762573e-01 -4.295901954174041748e-01 -1.266078352928161621e+00
-1.200226470828056335e-01 -4.303756356239318848e-01 -1.268839955329895020e+00
-1.141669601202011108e-01 -4.306496977806091309e-01 -1.270064830780029297e+00
-1.083838343620300293e-01 -4.312425255775451660e-01 -1.272202014923095703e+00
-1.025446876883506775e-01 -4.316682517528533936e-01 -1.273819088935852051e+00
-9.648734331130981445e-02 -4.311713874340057373e-01 -1.272687196731567383e+00
-9.048356115818023682e-02 -4.308643639087677002e-01 -1.272089719772338867e+00
-8.458993583917617798e-02 -4.310756027698516846e-01 -1.272997856140136719e+00
-7.889867573976516724e-02 -4.324278533458709717e-01 -1.277252793312072754e+00
-7.309429347515106201e-02 -4.333303272724151611e-01 -1.280157923698425293e+00
-6.751786172389984131e-02 -4.358648061752319336e-01 -1.287864208221435547e+00
-6.159370020031929016e-02 -4.364302754402160645e-01 -1.289732813835144043e+00
-5.562583357095718384e-02 -4.367747604846954346e-01 -1.290928363800048828e+00
-4.966947808861732483e-02 -4.373042285442352295e-01 -1.292650818824768066e+00
-4.377315938472747803e-02 -4.385813772678375244e-01 -1.296564579010009766e+00
-3.780634328722953796e-02 -4.394480586051940918e-01 -1.299246668815612793e+00
-3.183653578162193298e-02 -4.406037926673889160e-01 -1.302765130996704102e+00
-2.582936361432075500e-02 -4.416649937629699707e-01 -1.305986523628234863e+00
-1.975553110241889954e-02 -4.418891370296478271e-01 -1.306714892387390137e+00
-1.359577197581529617e-02 -4.395350217819213867e-01 -1.299801230430603027e+00
-2.332203984260559082e-01 -4.487880170345306396e-01 -1.288094401359558105e+00
-2.276629805564880371e-01 -4.498561620712280273e-01 -1.292463064193725586e+00
-2.218346893787384033e-01 -4.504332244396209717e-01 -1.295362353324890137e+00
-2.152502387762069702e-01 -4.494640827178955078e-01 -1.293753147125244141e+00
-2.092163711786270142e-01 -4.496215581893920898e-01 -1.295325875282287598e+00
-2.011376768350601196e-01 -4.452618956565856934e-01 -1.283818244934082031e+00
-1.941261887550354004e-01 -4.430675804615020752e-01 -1.278484582901000977e+00
-1.877550929784774780e-01 -4.422411918640136719e-01 -1.277039527893066406e+00
-1.812441945075988770e-01 -4.410199224948883057e-01 -1.274400115013122559e+00
-1.752826720476150513e-01 -4.410976767539978027e-01 -1.275464057922363281e+00
-1.686604470014572144e-01 -4.394594728946685791e-01 -1.271517276763916016e+00
-1.621477901935577393e-01 -4.379969239234924316e-01 -1.268029332160949707e+00
-1.560079306364059448e-01 -4.374683201313018799e-01 -1.267199635505676270e+00
-1.499320715665817261e-01 -4.370844066143035889e-01 -1.266746997833251953e+00
-1.437224745750427246e-01 -4.362628459930419922e-01 -1.264985322952270508e+00
-1.379077285528182983e-01 -4.366207122802734375e-01 -1.266605615615844727e+00
-1.315754652023315430e-01 -4.352986514568328857e-01 -1.263315796852111816e+00
-1.255769282579421997e-01 -4.350081682205200195e-01 -1.262983202934265137e+00
-1.198260113596916199e-01 -4.355891644954681396e-01 -1.265148520469665527e+00
-1.140590459108352661e-01 -4.361691474914550781e-01 -1.267280459403991699e+00
-1.081945374608039856e-01 -4.364192187786102295e-01 -1.268424391746520996e+00
-1.022987291216850281e-01 -4.365647435188293457e-01 -1.269235730171203613e+00
-9.632050246000289917e-02 -4.363548457622528076e-01 -1.268985390663146973e+00
-9.027811884880065918e-02 -4.358076751232147217e-01 -1.267726659774780273e+00
-8.452424407005310059e-02 -4.366742074489593506e-01 -1.270554661750793457e+00
-7.865081727504730225e-02 -4.370072484016418457e-01 -1.271806240081787109e+00
-7.310498505830764771e-02 -4.393636286258697510e-01 -1.278923630714416504e+00
-6.750857084989547729e-02 -4.418080151081085205e-01 -1.286276340484619141e+00
-6.164362654089927673e-02 -4.428006410598754883e-01 -1.289381504058837891e+00
-5.567869916558265686e-02 -4.432121217250823975e-01 -1.290772795677185059e+00
-4.967138171195983887e-02 -4.433450102806091309e-01 -1.291331529617309570e+00
-4.360798373818397522e-02 -4.429450631141662598e-01 -1.290316939353942871e+00
-3.765862435102462769e-02 -4.437606930732727051e-01 -1.292823076248168945e+00
-3.178145736455917358e-02 -4.459002614021301270e-01 -1.299167037010192871e+00
-2.582742646336555481e-02 -4.477152824401855469e-01 -1.304546475410461426e+00
-1.979047060012817383e-02 -4.487684071063995361e-01 -1.307686805725097656e+00
-1.368283852934837341e-02 -4.484431147575378418e-01 -1.306791305541992188e+00
-2.281878739595413208e-01 -4.570199251174926758e-01 -1.292851328849792480e+00
-2.214173674583435059e-01 -4.556946158409118652e-01 -1.290397882461547852e+00
-2.153693288564682007e-01 -4.558232426643371582e-01 -1.291996121406555176e+00
-2.084523439407348633e-01 -4.540666043758392334e-01 -1.288186430931091309e+00
-2.002217769622802734e-01 -4.492568671703338623e-01 -1.275640964508056641e+00
-1.938129961490631104e-01 -4.483632445335388184e-01 -1.274146080017089844e+00
-1.878449022769927979e-01 -4.484646320343017578e-01 -1.275423526763916016e+00
-1.816110908985137939e-01 -4.479172229766845703e-01 -1.274803757667541504e+00
-1.749887615442276001e-01 -4.463414549827575684e-01 -1.271203398704528809e+00
-1.686996817588806152e-01 -4.455342590808868408e-01 -1.269739866256713867e+00
-1.622334122657775879e-01 -4.441826939582824707e-01 -1.266675591468811035e+00
-1.557626426219940186e-01 -4.427153170108795166e-01 -1.263232231140136719e+00
-1.496824622154235840e-01 -4.422857761383056641e-01 -1.262705445289611816e+00
-1.435974240303039551e-01 -4.418058693408966064e-01 -1.261992812156677246e+00
-1.375897973775863647e-01 -4.415330886840820312e-01 -1.261832237243652344e+00
-1.317987591028213501e-01 -4.419620931148529053e-01 -1.263640165328979492e+00
-1.256694793701171875e-01 -4.412438869476318359e-01 -1.262131810188293457e+00
-1.197538077831268311e-01 -4.412417411804199219e-01 -1.262636423110961914e+00
-1.138858199119567871e-01 -4.414242208003997803e-01 -1.263636469841003418e+00
-1.078729107975959778e-01 -4.410342276096343994e-01 -1.262965559959411621e+00
-1.020923778414726257e-01 -4.416040778160095215e-01 -1.265013098716735840e+00
-9.613624960184097290e-02 -4.414377808570861816e-01 -1.264922499656677246e+00
-9.017543494701385498e-02 -4.412268400192260742e-01 -1.264675140380859375e+00
-8.429868519306182861e-02 -4.414264261722564697e-01 -1.265577077865600586e+00
-7.869422435760498047e-02 -4.431896209716796875e-01 -1.270936608314514160e+00
-7.326517254114151001e-02 -4.463093280792236328e-01 -1.280163764953613281e+00
-6.754231452941894531e-02 -4.480349719524383545e-01 -1.285369992256164551e+00
-6.158361211419105530e-02 -4.483802914619445801e-01 -1.286592841148376465e+00
-5.563965067267417908e-02 -4.489192664623260498e-01 -1.288348197937011719e+00
-4.971732199192047119e-02 -4.497846364974975586e-01 -1.291017651557922363e+00
-4.369685426354408264e-02 -4.498785734176635742e-01 -1.291450500488281250e+00
-3.771581873297691345e-02 -4.504734575748443604e-01 -1.293299674987792969e+00
-3.182134032249450684e-02 -4.525262117385864258e-01 -1.299313068389892578e+00
-2.588578499853610992e-02 -4.548240602016448975e-01 -1.306010007858276367e+00
-1.985566131770610809e-02 -4.563644528388977051e-01 -1.310511350631713867e+00
-1.373974047601222992e-02 -4.564266204833984375e-01 -1.310747027397155762e+00
-2.132730633020401001e-01 -4.574376344680786133e-01 -1.276823401451110840e+00
-2.071485817432403564e-01 -4.572755694389343262e-01 -1.277586698532104492e+00
-2.000133246183395386e-01 -4.548053741455078125e-01 -1.271835923194885254e+00
-1.938143074512481689e-01 -4.543768763542175293e-01 -1.271731019020080566e+00
-1.877916008234024048e-01 -4.543475508689880371e-01 -1.272687673568725586e+00
-1.815975159406661987e-01 -4.538879096508026123e-01 -1.272385239601135254e+00
-1.750348210334777832e-01 -4.524439871311187744e-01 -1.269268989562988281e+00
-1.686046719551086426e-01 -4.512526094913482666e-01 -1.266806960105895996e+00
-1.626181602478027344e-01 -4.512046873569488525e-01 -1.267505645751953125e+00
-1.558446586132049561e-01 -4.488863646984100342e-01 -1.261776804924011230e+00
-1.493571400642395020e-01 -4.472406506538391113e-01 -1.257888436317443848e+00
-1.435697376728057861e-01 -4.476421773433685303e-01 -1.259714365005493164e+00
-1.377654373645782471e-01 -4.480232298374176025e-01 -1.261443614959716797e+00
-1.317368149757385254e-01 -4.476763606071472168e-01 -1.261084437370300293e+00
-1.256185919046401978e-01 -4.469779431819915771e-01 -1.259696602821350098e+00
-1.195899546146392822e-01 -4.465450048446655273e-01 -1.259019494056701660e+00
-1.136676073074340820e-01 -4.464845955371856689e-01 -1.259357452392578125e+00
-1.077640429139137268e-01 -4.464954137802124023e-01 -1.259862899780273438e+00
-1.019039526581764221e-01 -4.466980397701263428e-01 -1.260877490043640137e+00
-9.613103419542312622e-02 -4.473312795162200928e-01 -1.263077378273010254e+00
-9.025428444147109985e-02 -4.475326836109161377e-01 -1.264028787612915039e+00
-8.437076210975646973e-02 -4.477264583110809326e-01 -1.264929771423339844e+00
-7.869332283735275269e-02 -4.491256475448608398e-01 -1.269209384918212891e+00
-7.308947294950485229e-02 -4.512076675891876221e-01 -1.275393605232238770e+00
-6.737168878316879272e-02 -4.528940916061401367e-01 -1.280435442924499512e+00
-6.142913550138473511e-02 -4.532512724399566650e-01 -1.281694293022155762e+00
-5.549118295311927795e-02 -4.537233114242553711e-01 -1.283253073692321777e+00
-4.963194951415061951e-02 -4.550315737724304199e-01 -1.287153124809265137e+00
-4.376352205872535706e-02 -4.566049575805664062e-01 -1.291779994964599609e+00
-3.778564557433128357e-02 -4.573574960231781006e-01 -1.294061660766601562e+00
-3.184557706117630005e-02 -4.589417874813079834e-01 -1.298673987388610840e+00
-2.584446407854557037e-02 -4.601854383945465088e-01 -1.302299976348876953e+00
-1.987002231180667877e-02 -4.628167748451232910e-01 -1.309831023216247559e+00
-2.058418840169906616e-01 -4.604018628597259521e-01 -1.266850352287292480e+00
-1.997813284397125244e-01 -4.602870643138885498e-01 -1.267735838890075684e+00
-1.930847018957138062e-01 -4.586543142795562744e-01 -1.264378666877746582e+00
-1.875080913305282593e-01 -4.596627056598663330e-01 -1.268245339393615723e+00
-1.814303398132324219e-01 -4.594686329364776611e-01 -1.268742203712463379e+00
-1.752060651779174805e-01 -4.588775634765625000e-01 -1.268089175224304199e+00
-1.686354279518127441e-01 -4.573052823543548584e-01 -1.264669895172119141e+00
-1.619774103164672852e-01 -4.553719460964202881e-01 -1.260197162628173828e+00
-1.556778252124786377e-01 -4.543374180793762207e-01 -1.258159279823303223e+00
-1.495839059352874756e-01 -4.538448452949523926e-01 -1.257574915885925293e+00
-1.435698866844177246e-01 -4.535641372203826904e-01 -1.257532835006713867e+00
-1.376909017562866211e-01 -4.537041783332824707e-01 -1.258615493774414062e+00
-1.315920054912567139e-01 -4.530996382236480713e-01 -1.257591605186462402e+00
-1.254317164421081543e-01 -4.522168934345245361e-01 -1.255754709243774414e+00
-1.194883063435554504e-01 -4.520674049854278564e-01 -1.255915164947509766e+00
-1.136427223682403564e-01 -4.522917270660400391e-01 -1.257078170776367188e+00
-1.077414155006408691e-01 -4.523067474365234375e-01 -1.257624745368957520e+00
-1.019375100731849670e-01 -4.527560770511627197e-01 -1.259345769882202148e+00
-9.627675265073776245e-02 -4.539357125759124756e-01 -1.263066887855529785e+00
-9.050837159156799316e-02 -4.547292888164520264e-01 -1.265684247016906738e+00
-8.462266623973846436e-02 -4.550034701824188232e-01 -1.266825914382934570e+00
-7.871643453836441040e-02 -4.552004635334014893e-01 -1.267723321914672852e+00
-7.287380099296569824e-02 -4.558272957801818848e-01 -1.269789457321166992e+00
-6.718444824218750000e-02 -4.576097428798675537e-01 -1.275048017501831055e+00
-6.133010610938072205e-02 -4.585066139698028564e-01 -1.277813434600830078e+00
-5.545490980148315430e-02 -4.594247341156005859e-01 -1.280611872673034668e+00
-4.964317753911018372e-02 -4.611550867557525635e-01 -1.285649418830871582e+00
-4.376851394772529602e-02 -4.626977741718292236e-01 -1.290139317512512207e+00
-3.785375133156776428e-02 -4.642427265644073486e-01 -1.294611334800720215e+00
-3.179856389760971069e-02 -4.643262326717376709e-01 -1.294983148574829102e+00
-2.576236985623836517e-02 -4.647917449474334717e-01 -1.296395778656005859e+00
-1.959175802767276764e-02 -4.623718559741973877e-01 -1.289735674858093262e+00
-1.986235231161117554e-01 -4.635940492153167725e-01 -1.257627248764038086e+00
-1.924338042736053467e-01 -4.630759358406066895e-01 -1.257407784461975098e+00
-1.865973323583602905e-01 -4.634020030498504639e-01 -1.259423613548278809e+00
-1.815053969621658325e-01 -4.656597971916198730e-01 -1.266640782356262207e+00
-1.747441887855529785e-01 -4.636428952217102051e-01 -1.262177705764770508e+00
-1.688821166753768921e-01 -4.639533162117004395e-01 -1.263995289802551270e+00
-1.615268886089324951e-01 -4.600339829921722412e-01 -1.254232287406921387e+00
-1.554333269596099854e-01 -4.595461189746856689e-01 -1.253768324851989746e+00
-1.495463103055953979e-01 -4.596545100212097168e-01 -1.254884243011474609e+00
-1.437031775712966919e-01 -4.599122107028961182e-01 -1.256363749504089355e+00
-1.375637352466583252e-01 -4.592030346393585205e-01 -1.255158185958862305e+00
-1.314715147018432617e-01 -4.585947990417480469e-01 -1.254184603691101074e+00
-1.253238618373870850e-01 -4.577268362045288086e-01 -1.252458333969116211e+00
-1.194930672645568848e-01 -4.579876065254211426e-01 -1.253780722618103027e+00
-1.137221455574035645e-01 -4.585168659687042236e-01 -1.255801558494567871e+00
-1.077582165598869324e-01 -4.582832753658294678e-01 -1.255697011947631836e+00
-1.019799038767814636e-01 -4.588577747344970703e-01 -1.257771730422973633e+00
-9.630271047353744507e-02 -4.599860012531280518e-01 -1.261331677436828613e+00
-9.064066410064697266e-02 -4.613393843173980713e-01 -1.265478134155273438e+00
-8.476126194000244141e-02 -4.616987407207489014e-01 -1.266867160797119141e+00
-7.874081283807754517e-02 -4.612860977649688721e-01 -1.266106367111206055e+00
-7.258955389261245728e-02 -4.599771797657012939e-01 -1.262853622436523438e+00
-6.695815175771713257e-02 -4.620225429534912109e-01 -1.268780708312988281e+00
-6.130380555987358093e-02 -4.642934501171112061e-01 -1.275300860404968262e+00
-5.540705844759941101e-02 -4.650211036205291748e-01 -1.277555346488952637e+00
-4.954200983047485352e-02 -4.662235975265502930e-01 -1.281087279319763184e+00
-4.365821555256843567e-02 -4.675572514533996582e-01 -1.284953355789184570e+00
-3.767598420381546021e-02 -4.680950343608856201e-01 -1.286605954170227051e+00
-3.173345699906349182e-02 -4.694251120090484619e-01 -1.290410161018371582e+00
-2.553532831370830536e-02 -4.667101800441741943e-01 -1.283068299293518066e+00
-1.943503320217132568e-02 -4.646613001823425293e-01 -1.277530550956726074e+00
-1.754573881626129150e-01 -4.715346693992614746e-01 -1.264593958854675293e+00
-1.688710153102874756e-01 -4.699014723300933838e-01 -1.261231541633605957e+00
-1.607865691184997559e-01 -4.638268649578094482e-01 -1.245881080627441406e+00
-1.551148891448974609e-01 -4.645147621631622314e-01 -1.248635292053222656e+00
-1.494548916816711426e-01 -4.652935266494750977e-01 -1.251589059829711914e+00
-1.434520035982131958e-01 -4.650249779224395752e-01 -1.251680731773376465e+00
-1.377612948417663574e-01 -4.657888412475585938e-01 -1.254507303237915039e+00
-1.316422224044799805e-01 -4.651079475879669189e-01 -1.253399968147277832e+00
-1.255678683519363403e-01 -4.645283520221710205e-01 -1.252521634101867676e+00
-1.197181195020675659e-01 -4.647634923458099365e-01 -1.253799200057983398e+00
-1.138053759932518005e-01 -4.647657573223114014e-01 -1.254409670829772949e+00
-1.077287942171096802e-01 -4.640625119209289551e-01 -1.253077030181884766e+00
-1.018221303820610046e-01 -4.640521109104156494e-01 -1.253577351570129395e+00
-9.625799208879470825e-02 -4.656975865364074707e-01 -1.258516907691955566e+00
-9.047172963619232178e-02 -4.664137959480285645e-01 -1.260912775993347168e+00
-8.467238396406173706e-02 -4.671584069728851318e-01 -1.263352870941162109e+00
-7.872740924358367920e-02 -4.671512544155120850e-01 -1.263727545738220215e+00
-7.270629703998565674e-02 -4.666543006896972656e-01 -1.262744665145874023e+00
-6.679432839155197144e-02 -4.668317437171936035e-01 -1.263555049896240234e+00
-6.098068132996559143e-02 -4.677981138229370117e-01 -1.266470789909362793e+00
-5.549128353595733643e-02 -4.717299640178680420e-01 -1.277387857437133789e+00
-4.948054626584053040e-02 -4.716460704803466797e-01 -1.277403473854064941e+00
-4.355638474225997925e-02 -4.724782109260559082e-01 -1.279871106147766113e+00
-3.744295984506607056e-02 -4.711949825286865234e-01 -1.276579856872558594e+00
-3.142919763922691345e-02 -4.709158837795257568e-01 -1.275980114936828613e+00
-2.594389766454696655e-02 -4.802884459495544434e-01 -1.301507115364074707e+00
-1.488972455263137817e-01 -4.694553911685943604e-01 -1.244243502616882324e+00
-1.434369087219238281e-01 -4.708920419216156006e-01 -1.248904228210449219e+00
-1.373680979013442993e-01 -4.703688323497772217e-01 -1.248322844505310059e+00
-1.317518055438995361e-01 -4.714176952838897705e-01 -1.251869916915893555e+00
-1.258824914693832397e-01 -4.716173708438873291e-01 -1.253120541572570801e+00
-1.202743947505950928e-01 -4.728637635707855225e-01 -1.257112503051757812e+00
-1.138315126299858093e-01 -4.707871377468109131e-01 -1.252228140830993652e+00
-1.076084524393081665e-01 -4.694418907165527344e-01 -1.249245166778564453e+00
-1.016101837158203125e-01 -4.689781367778778076e-01 -1.248567342758178711e+00
-9.564706683158874512e-02 -4.686295092105865479e-01 -1.248157739639282227e+00
-9.018316119909286499e-02 -4.708414971828460693e-01 -1.254533767700195312e+00
-8.445050567388534546e-02 -4.718624651432037354e-01 -1.257704496383666992e+00
-7.859083265066146851e-02 -4.722741842269897461e-01 -1.259217858314514160e+00
-7.275211811065673828e-02 -4.728894829750061035e-01 -1.261241197586059570e+00
-6.669645011425018311e-02 -4.720786213874816895e-01 -1.259427547454833984e+00
-6.081208959221839905e-02 -4.724402427673339844e-01 -1.260709524154663086e+00
-5.511420592665672302e-02 -4.744855761528015137e-01 -1.266454219818115234e+00
-4.946289211511611938e-02 -4.774765372276306152e-01 -1.274694681167602539e+00
-1.423462331295013428e-01 -4.731824696063995361e-01 -1.236623883247375488e+00
-1.367427408695220947e-01 -4.741100966930389404e-01 -1.239888072013854980e+00
-1.308868080377578735e-01 -4.742064177989959717e-01 -1.240934491157531738e+00
-1.060305833816528320e-01 -4.683697521686553955e-01 -1.228372693061828613e+00
-8.305811882019042969e-02 -4.699129760265350342e-01 -1.234509348869323730e+00
-7.766792178153991699e-02 -4.725919067859649658e-01 -1.241980671882629395e+00
-7.189667969942092896e-02 -4.732003808021545410e-01 -1.243978977203369141e+00
