0.000000000000000000e+00
0.000000000000000000e+00
2.563003778457641602e+00
2.516639471054077148e+00
2.570574045181274414e+00
2.601756572723388672e+00
2.541939258575439453e+00
2.607536077499389648e+00
2.549327850341796875e+00
2.562412500381469727e+00
2.590562105178833008e+00
2.563708782196044922e+00
2.635663747787475586e+00
2.608265876770019531e+00
0.000000000000000000e+00
2.666098356246948242e+00
2.642400026321411133e+00
2.596991777420043945e+00
2.652008771896362305e+00
2.671122789382934570e+00
2.670329570770263672e+00
2.697252035140991211e+00
2.645530700683593750e+00
0.000000000000000000e+00
2.666180610656738281e+00
2.665071725845336914e+00
2.658649682998657227e+00
2.661911964416503906e+00
2.659144401550292969e+00
2.645097732543945312e+00
2.642968177795410156e+00
2.667032480239868164e+00
2.680570602416992188e+00
2.666462182998657227e+00
2.625753402709960938e+00
2.657595872879028320e+00
2.650225400924682617e+00
2.616202831268310547e+00
2.669372320175170898e+00
2.639981269836425781e+00
2.676642417907714844e+00
2.653159379959106445e+00
2.636315584182739258e+00
2.667378187179565430e+00
2.631441831588745117e+00
2.675837039947509766e+00
2.649837017059326172e+00
2.651741266250610352e+00
2.689532279968261719e+00
2.670488834381103516e+00
2.696647644042968750e+00
2.675044059753417969e+00
2.683184385299682617e+00
2.658345222473144531e+00
2.694222688674926758e+00
2.658641338348388672e+00
2.675927162170410156e+00
2.678098678588867188e+00
2.694854736328125000e+00
2.676621437072753906e+00
2.671690702438354492e+00
2.646136999130249023e+00
2.671758651733398438e+00
2.674485683441162109e+00
2.683489561080932617e+00
2.684412479400634766e+00
2.675422906875610352e+00
2.690597772598266602e+00
2.696362018585205078e+00
2.691541910171508789e+00
2.693769454956054688e+00
2.649380922317504883e+00
2.681991338729858398e+00
2.663749933242797852e+00
2.707111597061157227e+00
2.693953275680541992e+00
2.715589046478271484e+00
2.707161903381347656e+00
2.699266910552978516e+00
2.659900426864624023e+00
2.674260616302490234e+00
2.690752983093261719e+00
2.717391490936279297e+00
2.692525386810302734e+00
2.688264608383178711e+00
2.706415653228759766e+00
2.698027849197387695e+00
2.700138092041015625e+00
2.718366146087646484e+00
2.719842433929443359e+00
2.696387529373168945e+00
2.676841020584106445e+00
2.715357303619384766e+00
2.690944433212280273e+00
2.708306312561035156e+00
2.711479425430297852e+00
2.717774868011474609e+00
2.727127552032470703e+00
2.710646152496337891e+00
2.692849874496459961e+00
2.711905002593994141e+00
2.706173419952392578e+00
2.712255001068115234e+00
2.711849212646484375e+00
2.691082954406738281e+00
2.709139585494995117e+00
2.714875698089599609e+00
2.684870958328247070e+00
2.712399959564208984e+00
2.710863828659057617e+00
2.707224369049072266e+00
2.724698543548583984e+00
2.708261728286743164e+00
2.704681634902954102e+00
2.711361408233642578e+00
2.709906816482543945e+00
2.723237514495849609e+00
2.735336065292358398e+00
2.720877408981323242e+00
2.719231843948364258e+00
2.703207492828369141e+00
2.701713323593139648e+00
2.731603860855102539e+00
2.725220203399658203e+00
2.711346387863159180e+00
2.687056064605712891e+00
2.720565557479858398e+00
2.728661775588989258e+00
2.728775978088378906e+00
2.706938028335571289e+00
2.749283075332641602e+00
2.739331960678100586e+00
2.709254026412963867e+00
2.698736667633056641e+00
2.715496063232421875e+00
2.763232946395874023e+00
2.719110965728759766e+00
2.735175371170043945e+00
2.740535259246826172e+00
2.740432739257812500e+00
2.747976064682006836e+00
2.712149858474731445e+00
2.757950305938720703e+00
2.736603975296020508e+00
2.722621679306030273e+00
2.705996513366699219e+00
2.692374229431152344e+00
2.730214834213256836e+00
2.734541177749633789e+00
2.722674608230590820e+00
2.746671199798583984e+00
2.723378181457519531e+00
2.722513914108276367e+00
2.737761259078979492e+00
2.753572463989257812e+00
2.719501495361328125e+00
2.736478090286254883e+00
2.738315582275390625e+00
2.734756231307983398e+00
2.720448493957519531e+00
2.740559577941894531e+00
2.723375320434570312e+00
2.694005966186523438e+00
2.722266912460327148e+00
2.753428220748901367e+00
2.740615606307983398e+00
2.744951486587524414e+00
2.724137306213378906e+00
2.751870155334472656e+00
2.757251262664794922e+00
2.711113929748535156e+00
2.713141202926635742e+00
2.720592260360717773e+00
2.722739934921264648e+00
2.723007917404174805e+00
2.740133523941040039e+00
2.763410329818725586e+00
2.723996400833129883e+00
2.747412919998168945e+00
2.733809709548950195e+00
2.759411096572875977e+00
2.768811464309692383e+00
2.786566495895385742e+00
2.767320156097412109e+00
2.757142066955566406e+00
2.723939657211303711e+00
2.641781330108642578e+00
2.582911252975463867e+00
2.591440200805664062e+00
2.643289327621459961e+00
2.612808704376220703e+00
2.624150514602661133e+00
2.649879455566406250e+00
2.525301218032836914e+00
2.552604675292968750e+00
2.526281833648681641e+00
2.480219841003417969e+00
2.441295862197875977e+00
2.442139387130737305e+00
2.459737539291381836e+00
2.449379682540893555e+00
2.413545608520507812e+00
2.404375076293945312e+00
2.395706892013549805e+00
2.412097454071044922e+00
2.426405668258666992e+00
2.415016412734985352e+00
2.470471620559692383e+00
2.458771228790283203e+00
0.000000000000000000e+00
0.000000000000000000e+00
2.431857824325561523e+00
2.328441143035888672e+00
2.308089733123779297e+00
2.251410245895385742e+00
2.260612726211547852e+00
2.221949338912963867e+00
0.000000000000000000e+00
2.235765695571899414e+00
0.000000000000000000e+00
2.169164657592773438e+00
0.000000000000000000e+00
0.000000000000000000e+00
0.000000000000000000e+00
0.000000000000000000e+00
0.000000000000000000e+00
2.575889348983764648e+00
2.562943458557128906e+00
2.561136960983276367e+00
2.558972597122192383e+00
2.575071811676025391e+00
2.600320100784301758e+00
2.588863849639892578e+00
2.582624435424804688e+00
2.580802679061889648e+00
2.657682418823242188e+00
2.629572391510009766e+00
2.605072259902954102e+00
2.614409446716308594e+00
2.637770891189575195e+00
2.645247459411621094e+00
2.632346153259277344e+00
2.628341913223266602e+00
2.644588470458984375e+00
2.662565469741821289e+00
2.664129972457885742e+00
2.657166242599487305e+00
2.656799316406250000e+00
2.668955564498901367e+00
2.654006958007812500e+00
2.653434991836547852e+00
2.659691333770751953e+00
2.655992031097412109e+00
2.654793500900268555e+00
2.663825273513793945e+00
2.676161527633666992e+00
2.663364887237548828e+00
2.649005174636840820e+00
2.671625375747680664e+00
2.656702756881713867e+00
2.655448675155639648e+00
2.657835721969604492e+00
2.656213760375976562e+00
2.657691717147827148e+00
2.661931514739990234e+00
2.665739297866821289e+00
2.665812492370605469e+00
2.658928155899047852e+00
2.657367706298828125e+00
2.644063711166381836e+00
2.654335498809814453e+00
2.654673814773559570e+00
2.655781030654907227e+00
2.664280652999877930e+00
2.672461271286010742e+00
2.677644729614257812e+00
2.668625116348266602e+00
2.662313699722290039e+00
2.662721395492553711e+00
2.671480417251586914e+00
2.675115108489990234e+00
2.678298234939575195e+00
2.674719572067260742e+00
2.684633255004882812e+00
2.679430246353149414e+00
2.674486398696899414e+00
2.675054073333740234e+00
2.683104991912841797e+00
2.683758258819580078e+00
2.684017419815063477e+00
2.682899713516235352e+00
2.684884071350097656e+00
2.686195850372314453e+00
2.687091588973999023e+00
2.689223051071166992e+00
2.675743103027343750e+00
2.674986124038696289e+00
2.676102638244628906e+00
2.672582864761352539e+00
2.684610843658447266e+00
2.678744316101074219e+00
2.690346002578735352e+00
2.701906919479370117e+00
2.693892478942871094e+00
2.691503524780273438e+00
2.697216272354125977e+00
2.697732210159301758e+00
2.695538043975830078e+00
2.699137449264526367e+00
2.701064825057983398e+00
2.699443817138671875e+00
2.702106952667236328e+00
2.705241203308105469e+00
2.705892324447631836e+00
2.702370643615722656e+00
2.700875043869018555e+00
2.699201345443725586e+00
2.704961299896240234e+00
2.704657793045043945e+00
2.701769113540649414e+00
2.701324939727783203e+00
2.701943159103393555e+00
2.696835517883300781e+00
2.701397657394409180e+00
2.704195022583007812e+00
2.708328485488891602e+00
2.710238933563232422e+00
2.710768222808837891e+00
2.711981058120727539e+00
2.709307670593261719e+00
2.705835103988647461e+00
2.703768253326416016e+00
2.709666490554809570e+00
2.708102941513061523e+00
2.712338924407958984e+00
2.716713190078735352e+00
2.715794801712036133e+00
2.718272924423217773e+00
2.719127893447875977e+00
2.719100475311279297e+00
2.712644815444946289e+00
2.716607093811035156e+00
2.724044561386108398e+00
2.723048686981201172e+00
2.715033054351806641e+00
2.714295625686645508e+00
2.720598936080932617e+00
2.725151777267456055e+00
2.710579395294189453e+00
2.715107440948486328e+00
2.716863870620727539e+00
2.725341558456420898e+00
2.724964618682861328e+00
2.719166994094848633e+00
2.721244096755981445e+00
2.722915410995483398e+00
2.722951650619506836e+00
2.726126909255981445e+00
2.726384162902832031e+00
2.723652362823486328e+00
2.733077049255371094e+00
2.727385997772216797e+00
2.724255084991455078e+00
2.719465970993041992e+00
2.720833778381347656e+00
2.737934112548828125e+00
2.733882904052734375e+00
2.737563848495483398e+00
2.731080055236816406e+00
2.724922657012939453e+00
2.726392984390258789e+00
2.730782985687255859e+00
2.729453086853027344e+00
2.725207567214965820e+00
2.726561546325683594e+00
2.727523326873779297e+00
2.736610412597656250e+00
2.738243103027343750e+00
2.737002372741699219e+00
2.747792959213256836e+00
2.744416236877441406e+00
2.736046791076660156e+00
2.729832887649536133e+00
2.729786157608032227e+00
2.736479997634887695e+00
2.746731042861938477e+00
2.736269950866699219e+00
2.735733270645141602e+00
2.737762212753295898e+00
2.738244533538818359e+00
2.736136913299560547e+00
2.740119457244873047e+00
2.739970684051513672e+00
2.738408327102661133e+00
2.726879358291625977e+00
2.723852157592773438e+00
2.737297773361206055e+00
2.740233659744262695e+00
2.739841938018798828e+00
2.738801479339599609e+00
2.741597175598144531e+00
2.741424322128295898e+00
2.750260829925537109e+00
2.750985383987426758e+00
2.746115446090698242e+00
2.747327089309692383e+00
2.749676465988159180e+00
2.750142097473144531e+00
2.750288248062133789e+00
2.709288120269775391e+00
2.651582717895507812e+00
2.629731416702270508e+00
2.621850013732910156e+00
2.617407560348510742e+00
2.620072603225708008e+00
2.620912551879882812e+00
2.613994836807250977e+00
2.569350957870483398e+00
2.534175395965576172e+00
2.508627176284790039e+00
2.481125354766845703e+00
2.456631422042846680e+00
2.447799921035766602e+00
2.453539371490478516e+00
2.450370073318481445e+00
2.430753946304321289e+00
2.408766508102416992e+00
2.402929544448852539e+00
2.421150445938110352e+00
2.448317289352416992e+00
2.460334062576293945e+00
2.462260961532592773e+00
2.459342718124389648e+00
2.442599296569824219e+00
2.417287349700927734e+00
2.410338878631591797e+00
2.394644021987915039e+00
2.297182083129882812e+00
2.279048204421997070e+00
2.262710332870483398e+00
2.258406639099121094e+00
2.249212503433227539e+00
2.239560604095458984e+00
2.225590229034423828e+00
0.000000000000000000e+00
0.000000000000000000e+00
0.000000000000000000e+00
0.000000000000000000e+00
0.000000000000000000e+00
0.000000000000000000e+00
0.000000000000000000e+00
2.566055059432983398e+00
2.561820030212402344e+00
2.564584732055664062e+00
2.560466051101684570e+00
2.595645427703857422e+00
2.601428985595703125e+00
2.583692073822021484e+00
2.658073425292968750e+00
2.644988775253295898e+00
2.624788522720336914e+00
2.621499061584472656e+00
2.628434896469116211e+00
2.621375083923339844e+00
2.634852886199951172e+00
2.622532367706298828e+00
2.627928495407104492e+00
2.646364927291870117e+00
2.664098262786865234e+00
2.666219949722290039e+00
2.655403137207031250e+00
2.660602331161499023e+00
2.667131900787353516e+00
2.654027700424194336e+00
2.657201766967773438e+00
2.663297653198242188e+00
2.665861845016479492e+00
2.663580179214477539e+00
2.668777704238891602e+00
2.673657655715942383e+00
2.665813207626342773e+00
2.662904739379882812e+00
2.659351587295532227e+00
2.659062623977661133e+00
2.660851478576660156e+00
2.664387941360473633e+00
2.658984422683715820e+00
2.654297351837158203e+00
2.654018640518188477e+00
2.664317607879638672e+00
2.668739080429077148e+00
2.667668342590332031e+00
2.659956455230712891e+00
2.657591819763183594e+00
2.658697605133056641e+00
2.660809755325317383e+00
2.653913497924804688e+00
2.657494783401489258e+00
2.671882629394531250e+00
2.670125246047973633e+00
2.662275552749633789e+00
2.660689830780029297e+00
2.662779092788696289e+00
2.666764020919799805e+00
2.674916982650756836e+00
2.679252862930297852e+00
2.680060863494873047e+00
2.675942659378051758e+00
2.698728322982788086e+00
2.674562931060791016e+00
2.672177314758300781e+00
2.681989669799804688e+00
2.688391923904418945e+00
2.685942173004150391e+00
2.685300350189208984e+00
2.685700178146362305e+00
2.684008121490478516e+00
2.684924840927124023e+00
2.682705879211425781e+00
2.685503482818603516e+00
2.684099435806274414e+00
2.680470228195190430e+00
2.675081253051757812e+00
2.689749002456665039e+00
2.690956354141235352e+00
2.686607122421264648e+00
2.689952373504638672e+00
2.696058273315429688e+00
2.698681831359863281e+00
2.703605651855468750e+00
2.698490858078002930e+00
2.693571567535400391e+00
2.697044372558593750e+00
2.703852891921997070e+00
2.703582763671875000e+00
2.704046964645385742e+00
2.706195116043090820e+00
2.705406427383422852e+00
2.701169490814208984e+00
2.696637153625488281e+00
2.697898149490356445e+00
2.708389520645141602e+00
2.705728769302368164e+00
2.700307846069335938e+00
2.698081493377685547e+00
2.700472593307495117e+00
2.703780174255371094e+00
2.707821607589721680e+00
2.709637403488159180e+00
2.703373908996582031e+00
2.708823919296264648e+00
2.711269855499267578e+00
2.714680194854736328e+00
2.711403608322143555e+00
2.710420608520507812e+00
2.711215019226074219e+00
2.708814620971679688e+00
2.711174249649047852e+00
2.712541103363037109e+00
2.718560934066772461e+00
2.718480348587036133e+00
2.719588756561279297e+00
2.723509073257446289e+00
2.715221643447875977e+00
2.713047504425048828e+00
2.718594074249267578e+00
2.726126194000244141e+00
2.721454143524169922e+00
2.712321043014526367e+00
2.708700180053710938e+00
2.719848871231079102e+00
2.726583480834960938e+00
2.726996660232543945e+00
2.715938568115234375e+00
2.721501350402832031e+00
2.726679325103759766e+00
2.728461503982543945e+00
2.726003885269165039e+00
2.725147485733032227e+00
2.729753255844116211e+00
2.730061292648315430e+00
2.733731269836425781e+00
2.736060142517089844e+00
2.734449386596679688e+00
2.734549522399902344e+00
2.732937812805175781e+00
2.724850654602050781e+00
2.719862461090087891e+00
2.722852706909179688e+00
2.728278160095214844e+00
2.735093355178833008e+00
2.732414245605468750e+00
2.733692884445190430e+00
2.730998516082763672e+00
2.733345746994018555e+00
2.732757568359375000e+00
2.730288505554199219e+00
2.725466489791870117e+00
2.727142095565795898e+00
2.738112449645996094e+00
2.735131263732910156e+00
2.737307310104370117e+00
2.745471239089965820e+00
2.740364074707031250e+00
2.742528676986694336e+00
2.737333774566650391e+00
2.730841636657714844e+00
2.731062173843383789e+00
2.732176542282104492e+00
2.744968891143798828e+00
2.748547077178955078e+00
2.737297296524047852e+00
2.734583854675292969e+00
2.734569072723388672e+00
2.731929063796997070e+00
2.733085155487060547e+00
2.740989923477172852e+00
2.740394115447998047e+00
2.737194538116455078e+00
2.736268043518066406e+00
2.746905803680419922e+00
2.751680612564086914e+00
2.749687194824218750e+00
2.746420145034790039e+00
2.744318008422851562e+00
2.750237226486206055e+00
2.756307840347290039e+00
2.757249116897583008e+00
2.739423036575317383e+00
2.736448764801025391e+00
2.742866754531860352e+00
2.751560926437377930e+00
2.733764886856079102e+00
2.709432125091552734e+00
2.661058187484741211e+00
2.635753154754638672e+00
2.621337175369262695e+00
2.620346546173095703e+00
2.615499973297119141e+00
2.618467569351196289e+00
2.611265420913696289e+00
2.575474977493286133e+00
2.552857637405395508e+00
2.508562088012695312e+00
2.473268747329711914e+00
2.453289508819580078e+00
2.453884601593017578e+00
2.462659597396850586e+00
2.449120521545410156e+00
2.428724765777587891e+00
2.409120559692382812e+00
2.399474859237670898e+00
2.416716098785400391e+00
2.449336767196655273e+00
2.476479291915893555e+00
2.470837831497192383e+00
2.464608430862426758e+00
2.467571496963500977e+00
2.423399686813354492e+00
2.385157823562622070e+00
2.378000497817993164e+00
2.371535778045654297e+00
2.288046121597290039e+00
2.270959377288818359e+00
2.259982109069824219e+00
2.249773740768432617e+00
2.238583564758300781e+00
2.216645240783691406e+00
2.202162027359008789e+00
0.000000000000000000e+00
0.000000000000000000e+00
0.000000000000000000e+00
0.000000000000000000e+00
0.000000000000000000e+00
2.552384853363037109e+00
2.567048549652099609e+00
2.566668748855590820e+00
2.570526123046875000e+00
2.585722208023071289e+00
2.601774692535400391e+00
2.590815544128417969e+00
2.668699264526367188e+00
2.648222684860229492e+00
2.632073163986206055e+00
2.635831117630004883e+00
2.634335041046142578e+00
2.621687412261962891e+00
2.622516393661499023e+00
2.607810020446777344e+00
2.621762514114379883e+00
2.633444309234619141e+00
2.660037994384765625e+00
2.673698186874389648e+00
2.660743236541748047e+00
2.656648635864257812e+00
2.659577369689941406e+00
2.661996603012084961e+00
2.661803960800170898e+00
2.660622358322143555e+00
2.668585300445556641e+00
2.670853137969970703e+00
2.669696569442749023e+00
2.667339801788330078e+00
2.666892766952514648e+00
2.663698434829711914e+00
2.662098884582519531e+00
2.660434007644653320e+00
2.655975103378295898e+00
2.653916358947753906e+00
2.663043260574340820e+00
2.656868457794189453e+00
2.651481866836547852e+00
2.653837442398071289e+00
2.658917188644409180e+00
2.668840646743774414e+00
2.672116041183471680e+00
2.665666580200195312e+00
2.659744262695312500e+00
2.666966915130615234e+00
2.664650201797485352e+00
2.656757593154907227e+00
2.662869691848754883e+00
2.672058343887329102e+00
2.673862457275390625e+00
2.667787313461303711e+00
2.669078826904296875e+00
2.672661304473876953e+00
2.675128459930419922e+00
2.676951885223388672e+00
2.679024457931518555e+00
2.672354698181152344e+00
2.685364007949829102e+00
2.689412593841552734e+00
2.686894893646240234e+00
2.677730798721313477e+00
2.682815790176391602e+00
2.692442893981933594e+00
2.689219236373901367e+00
2.683600664138793945e+00
2.684289932250976562e+00
2.686817646026611328e+00
2.693657875061035156e+00
2.695645809173583984e+00
2.687193632125854492e+00
2.687720775604248047e+00
2.687299966812133789e+00
2.688361883163452148e+00
2.698561191558837891e+00
2.702398777008056641e+00
2.694043636322021484e+00
2.686852455139160156e+00
2.682251930236816406e+00
2.695907354354858398e+00
2.705249071121215820e+00
2.712818384170532227e+00
2.697762250900268555e+00
2.700513362884521484e+00
2.705430984497070312e+00
2.709217071533203125e+00
2.709828376770019531e+00
2.710055351257324219e+00
2.706206083297729492e+00
2.702133893966674805e+00
2.699290037155151367e+00
2.701153993606567383e+00
2.710928201675415039e+00
2.713430404663085938e+00
2.700120449066162109e+00
2.701425790786743164e+00
2.704384565353393555e+00
2.710033655166625977e+00
2.715134620666503906e+00
2.716092109680175781e+00
2.710355043411254883e+00
2.704563856124877930e+00
2.706979274749755859e+00
2.710467576980590820e+00
2.712163448333740234e+00
2.715818405151367188e+00
2.716081380844116211e+00
2.710347175598144531e+00
2.710555791854858398e+00
2.712694883346557617e+00
2.714941501617431641e+00
2.719895839691162109e+00
2.720429897308349609e+00
2.707263946533203125e+00
2.713277101516723633e+00
2.716748476028442383e+00
2.725021839141845703e+00
2.730349779129028320e+00
2.727233648300170898e+00
2.713407516479492188e+00
2.710504770278930664e+00
2.717155694961547852e+00
2.723488092422485352e+00
2.723525047302246094e+00
2.719835042953491211e+00
2.719613790512084961e+00
2.728254318237304688e+00
2.730856657028198242e+00
2.729104042053222656e+00
2.730632305145263672e+00
2.733807086944580078e+00
2.736987829208374023e+00
2.737993240356445312e+00
2.743364810943603516e+00
2.744790315628051758e+00
2.737949132919311523e+00
2.736902236938476562e+00
2.735009670257568359e+00
2.727106094360351562e+00
2.723930597305297852e+00
2.728506565093994141e+00
2.734763383865356445e+00
2.734423637390136719e+00
2.733824729919433594e+00
2.734265327453613281e+00
2.737142801284790039e+00
2.734990119934082031e+00
2.732804059982299805e+00
2.730636835098266602e+00
2.735853910446166992e+00
2.738903045654296875e+00
2.738869667053222656e+00
2.740385293960571289e+00
2.744223594665527344e+00
2.748825788497924805e+00
2.745005846023559570e+00
2.739305257797241211e+00
2.736025333404541016e+00
2.736179590225219727e+00
2.738996028900146484e+00
2.739517927169799805e+00
2.740114450454711914e+00
2.739710092544555664e+00
2.737733840942382812e+00
2.736902952194213867e+00
2.735658168792724609e+00
2.735401153564453125e+00
2.739162206649780273e+00
2.744146347045898438e+00
2.744270086288452148e+00
2.745035409927368164e+00
2.746244430541992188e+00
2.757488965988159180e+00
2.756804704666137695e+00
2.752376317977905273e+00
2.753689289093017578e+00
2.751176118850708008e+00
2.752051591873168945e+00
2.740346431732177734e+00
2.742861270904541016e+00
2.740426301956176758e+00
2.741975545883178711e+00
2.750431537628173828e+00
2.740702152252197266e+00
2.700259923934936523e+00
2.657307147979736328e+00
2.629333019256591797e+00
2.623712062835693359e+00
2.616655111312866211e+00
2.615107774734497070e+00
2.612827777862548828e+00
2.607360124588012695e+00
2.586065053939819336e+00
2.550143241882324219e+00
2.496270418167114258e+00
2.459038734436035156e+00
2.452561140060424805e+00
2.458070278167724609e+00
2.462108135223388672e+00
2.450556993484497070e+00
2.412366390228271484e+00
2.405686855316162109e+00
2.409911155700683594e+00
2.412692546844482422e+00
2.458520412445068359e+00
2.481188535690307617e+00
2.482721567153930664e+00
2.469614982604980469e+00
2.447120666503906250e+00
2.423072576522827148e+00
2.385209321975708008e+00
2.360499620437622070e+00
2.365199565887451172e+00
2.281206846237182617e+00
2.284095048904418945e+00
2.268541097640991211e+00
2.245254039764404297e+00
2.234256267547607422e+00
2.218446016311645508e+00
2.185674905776977539e+00
2.149731874465942383e+00
2.126358985900878906e+00
0.000000000000000000e+00
2.516221284866333008e+00
2.543396949768066406e+00
2.575150966644287109e+00
2.575467348098754883e+00
2.570885658264160156e+00
2.579355478286743164e+00
2.603437185287475586e+00
2.600926160812377930e+00
2.686158418655395508e+00
2.661841392517089844e+00
2.635978937149047852e+00
2.641876459121704102e+00
2.642633199691772461e+00
2.636418581008911133e+00
2.622547149658203125e+00
2.611043453216552734e+00
2.615042924880981445e+00
2.618558406829833984e+00
2.634774923324584961e+00
2.654877662658691406e+00
2.662465333938598633e+00
2.657220602035522461e+00
2.659077882766723633e+00
2.661324024200439453e+00
2.666572809219360352e+00
2.666533708572387695e+00
2.667756319046020508e+00
2.670079231262207031e+00
2.667587280273437500e+00
2.662082910537719727e+00
2.666125774383544922e+00
2.663067102432250977e+00
2.654268741607666016e+00
2.661995172500610352e+00
2.667215347290039062e+00
2.654004812240600586e+00
2.655862569808959961e+00
2.658164262771606445e+00
2.654666185379028320e+00
2.654485225677490234e+00
2.657036542892456055e+00
2.662374734878540039e+00
2.667490243911743164e+00
2.670614242553710938e+00
2.649045944213867188e+00
2.660577535629272461e+00
2.668559551239013672e+00
2.663191080093383789e+00
2.662543296813964844e+00
2.665632963180541992e+00
2.675151586532592773e+00
2.685461044311523438e+00
2.678209781646728516e+00
2.674752235412597656e+00
2.680913925170898438e+00
2.681353330612182617e+00
2.684798240661621094e+00
2.670269489288330078e+00
2.672670125961303711e+00
2.680972099304199219e+00
2.688663482666015625e+00
2.690880775451660156e+00
2.686378479003906250e+00
2.689931631088256836e+00
2.694047451019287109e+00
2.693306207656860352e+00
2.686320066452026367e+00
2.684010744094848633e+00
2.691272258758544922e+00
2.699337959289550781e+00
2.701659202575683594e+00
2.690235376358032227e+00
2.690599441528320312e+00
2.691074371337890625e+00
2.696179389953613281e+00
2.704266071319580078e+00
2.705503940582275391e+00
2.698648214340209961e+00
2.690092802047729492e+00
2.687039136886596680e+00
2.691623449325561523e+00
2.703908205032348633e+00
2.708931922912597656e+00
2.708240270614624023e+00
2.708777904510498047e+00
2.710913896560668945e+00
2.714501619338989258e+00
2.711660861968994141e+00
2.708580732345581055e+00
2.707157373428344727e+00
2.704085350036621094e+00
2.707862377166748047e+00
2.713955640792846680e+00
2.715275764465332031e+00
2.711769819259643555e+00
2.707243442535400391e+00
2.701258182525634766e+00
2.704793691635131836e+00
2.707660436630249023e+00
2.714306116104125977e+00
2.720035076141357422e+00
2.711621284484863281e+00
2.709105014801025391e+00
2.705126285552978516e+00
2.708711862564086914e+00
2.710530519485473633e+00
2.716619968414306641e+00
2.712409496307373047e+00
2.711390733718872070e+00
2.712262868881225586e+00
2.714007139205932617e+00
2.712412357330322266e+00
2.719215393066406250e+00
2.718445539474487305e+00
2.713837146759033203e+00
2.713133573532104492e+00
2.719753503799438477e+00
2.723951101303100586e+00
2.734925031661987305e+00
2.731049060821533203e+00
2.723985671997070312e+00
2.719083547592163086e+00
2.717356681823730469e+00
2.720905542373657227e+00
2.723331928253173828e+00
2.721652746200561523e+00
2.717846155166625977e+00
2.725826501846313477e+00
2.733487367630004883e+00
2.731716632843017578e+00
2.729075431823730469e+00
2.737774133682250977e+00
2.737519025802612305e+00
2.733172655105590820e+00
2.749967336654663086e+00
2.747728586196899414e+00
2.736923217773437500e+00
2.731981039047241211e+00
2.736709833145141602e+00
2.733197212219238281e+00
2.725840568542480469e+00
2.728686571121215820e+00
2.740747928619384766e+00
2.741217136383056641e+00
2.738776206970214844e+00
2.741673946380615234e+00
2.740058422088623047e+00
2.737977981567382812e+00
2.738180875778198242e+00
2.737856388092041016e+00
2.739619016647338867e+00
2.743577003479003906e+00
2.743485927581787109e+00
2.745126962661743164e+00
2.750377416610717773e+00
2.755822420120239258e+00
2.748822927474975586e+00
2.746647357940673828e+00
2.744581937789916992e+00
2.746695756912231445e+00
2.745783805847167969e+00
2.744759798049926758e+00
2.747055053710937500e+00
2.748034477233886719e+00
2.745066881179809570e+00
2.747031211853027344e+00
2.745094776153564453e+00
2.742018699645996094e+00
2.744004487991333008e+00
2.745707511901855469e+00
2.742009401321411133e+00
2.750972032546997070e+00
2.752063751220703125e+00
2.746782302856445312e+00
2.757094621658325195e+00
2.756084918975830078e+00
2.755767345428466797e+00
2.752644062042236328e+00
2.748490571975708008e+00
2.743601560592651367e+00
2.740465879440307617e+00
2.742170810699462891e+00
2.750193357467651367e+00
2.748619794845581055e+00
2.741184234619140625e+00
2.695215940475463867e+00
2.655389547348022461e+00
2.629685878753662109e+00
2.626772642135620117e+00
2.621034860610961914e+00
2.619630098342895508e+00
2.621027231216430664e+00
2.603043794631958008e+00
2.578914403915405273e+00
2.535997390747070312e+00
2.502202272415161133e+00
2.461026430130004883e+00
2.450984954833984375e+00
2.457285881042480469e+00
2.472447395324707031e+00
2.457441806793212891e+00
2.419163942337036133e+00
2.412461996078491211e+00
2.416105270385742188e+00
2.427551984786987305e+00
2.439473628997802734e+00
2.485194921493530273e+00
2.484970808029174805e+00
2.467671871185302734e+00
2.442654609680175781e+00
2.417053461074829102e+00
2.387150287628173828e+00
2.368189811706542969e+00
2.349151134490966797e+00
2.356667995452880859e+00
2.285711765289306641e+00
2.287314176559448242e+00
2.262465953826904297e+00
2.242703437805175781e+00
2.224625825881958008e+00
2.184964656829833984e+00
2.143350839614868164e+00
2.131158828735351562e+00
0.000000000000000000e+00
2.583061933517456055e+00
2.539615154266357422e+00
2.555553674697875977e+00
2.583124399185180664e+00
2.578633785247802734e+00
2.610067844390869141e+00
2.607147455215454102e+00
2.623626470565795898e+00
2.670204639434814453e+00
2.640166997909545898e+00
2.633608818054199219e+00
2.643080711364746094e+00
2.651374816894531250e+00
2.643544197082519531e+00
2.627855777740478516e+00
2.621658802032470703e+00
2.617937564849853516e+00
2.620625495910644531e+00
2.631944417953491211e+00
2.639232873916625977e+00
2.648413181304931641e+00
2.661675214767456055e+00
2.664788961410522461e+00
2.668557882308959961e+00
2.666844367980957031e+00
2.669595718383789062e+00
2.675239086151123047e+00
2.669409513473510742e+00
2.659994363784790039e+00
2.655432701110839844e+00
2.658468961715698242e+00
2.668497323989868164e+00
2.661862134933471680e+00
2.664853572845458984e+00
2.662444114685058594e+00
2.659390211105346680e+00
2.657860040664672852e+00
2.661149740219116211e+00
2.659002780914306641e+00
2.658282995223999023e+00
2.658616065979003906e+00
2.662629604339599609e+00
2.668516397476196289e+00
2.660668611526489258e+00
2.660775184631347656e+00
2.667980670928955078e+00
2.669315338134765625e+00
2.670599937438964844e+00
2.669187307357788086e+00
2.675051212310791016e+00
2.672916412353515625e+00
2.669562578201293945e+00
2.670326948165893555e+00
2.678136587142944336e+00
2.677553653717041016e+00
2.683894872665405273e+00
2.680523872375488281e+00
2.678286314010620117e+00
2.677784681320190430e+00
2.681963205337524414e+00
2.689159870147705078e+00
2.685776472091674805e+00
2.688596010208129883e+00
2.692709922790527344e+00
2.696099996566772461e+00
2.694809198379516602e+00
2.691923379898071289e+00
2.690279245376586914e+00
2.690418958663940430e+00
2.694474458694458008e+00
2.689570426940917969e+00
2.695245265960693359e+00
2.694226026535034180e+00
2.693663835525512695e+00
2.698174238204956055e+00
2.702133893966674805e+00
2.704250097274780273e+00
2.702281951904296875e+00
2.698944091796875000e+00
2.697421789169311523e+00
2.699278354644775391e+00
2.705620527267456055e+00
2.709327936172485352e+00
2.711717367172241211e+00
2.710562705993652344e+00
2.716172695159912109e+00
2.718680858612060547e+00
2.711325645446777344e+00
2.712296485900878906e+00
2.705338001251220703e+00
2.704488754272460938e+00
2.717382907867431641e+00
2.720532178878784180e+00
2.722026824951171875e+00
2.714992046356201172e+00
2.713707208633422852e+00
2.706577539443969727e+00
2.702975988388061523e+00
2.708207845687866211e+00
2.702063322067260742e+00
2.702672004699707031e+00
2.712104797363281250e+00
2.706949949264526367e+00
2.710480690002441406e+00
2.712249517440795898e+00
2.711276054382324219e+00
2.707662582397460938e+00
2.714408636093139648e+00
2.715221643447875977e+00
2.713760614395141602e+00
2.716007471084594727e+00
2.723073482513427734e+00
2.722702741622924805e+00
2.717077732086181641e+00
2.718208789825439453e+00
2.722682237625122070e+00
2.722976922988891602e+00
2.729532241821289062e+00
2.718071222305297852e+00
2.734268188476562500e+00
2.730397701263427734e+00
2.724786043167114258e+00
2.722776651382446289e+00
2.725119829177856445e+00
2.728364706039428711e+00
2.727289676666259766e+00
2.726348638534545898e+00
2.724872589111328125e+00
2.732433080673217773e+00
2.735165119171142578e+00
2.731828927993774414e+00
2.733804464340209961e+00
2.733086824417114258e+00
2.733526706695556641e+00
2.745025396347045898e+00
2.744119644165039062e+00
2.733975887298583984e+00
2.730235576629638672e+00
2.734123468399047852e+00
2.736918687820434570e+00
2.731595516204833984e+00
2.731253147125244141e+00
2.747581481933593750e+00
2.750310182571411133e+00
2.749275684356689453e+00
2.743630647659301758e+00
2.736935615539550781e+00
2.734456062316894531e+00
2.742041110992431641e+00
2.744873523712158203e+00
2.742741823196411133e+00
2.746149539947509766e+00
2.749120950698852539e+00
2.745343446731567383e+00
2.751595258712768555e+00
2.748997688293457031e+00
2.756239175796508789e+00
2.753288507461547852e+00
2.751096487045288086e+00
2.754170656204223633e+00
2.752791643142700195e+00
2.748854398727416992e+00
2.754462957382202148e+00
2.757564306259155273e+00
2.756687641143798828e+00
2.756519556045532227e+00
2.748971223831176758e+00
2.744705677032470703e+00
2.744044065475463867e+00
2.739617586135864258e+00
2.746022939682006836e+00
2.750913858413696289e+00
2.757165908813476562e+00
2.751810789108276367e+00
2.744860649108886719e+00
2.755613565444946289e+00
2.754313945770263672e+00
2.750538587570190430e+00
2.747694253921508789e+00
2.745415687561035156e+00
2.742568254470825195e+00
2.742907762527465820e+00
2.751003742218017578e+00
2.763536214828491211e+00
2.733586311340332031e+00
2.699349403381347656e+00
2.666550397872924805e+00
2.625653743743896484e+00
2.613005638122558594e+00
2.625710487365722656e+00
2.625101327896118164e+00
2.618995666503906250e+00
2.608272075653076172e+00
2.573601484298706055e+00
2.540935754776000977e+00
2.511433839797973633e+00
2.466801643371582031e+00
2.451070785522460938e+00
2.455102443695068359e+00
2.473662614822387695e+00
2.460869312286376953e+00
2.427302122116088867e+00
2.425420522689819336e+00
2.420514822006225586e+00
2.418279170989990234e+00
2.452786445617675781e+00
2.454824924468994141e+00
2.457606315612792969e+00
2.457952499389648438e+00
2.448278427124023438e+00
2.412048339843750000e+00
2.381412029266357422e+00
2.360241413116455078e+00
2.344490289688110352e+00
2.342190027236938477e+00
2.352901697158813477e+00
2.282065868377685547e+00
2.294421911239624023e+00
2.268356561660766602e+00
2.234163761138916016e+00
2.183019876480102539e+00
2.133931159973144531e+00
2.129993200302124023e+00
0.000000000000000000e+00
2.539218902587890625e+00
2.536023616790771484e+00
2.561271667480468750e+00
2.569863557815551758e+00
2.613511323928833008e+00
2.611052513122558594e+00
2.622358798980712891e+00
2.679140806198120117e+00
2.646168947219848633e+00
2.638735294342041016e+00
2.635478019714355469e+00
2.641990900039672852e+00
2.643713951110839844e+00
2.641116142272949219e+00
2.626528263092041016e+00
2.622503042221069336e+00
2.619348287582397461e+00
2.622894287109375000e+00
2.626063823699951172e+00
2.636148452758789062e+00
2.645422220230102539e+00
2.656915187835693359e+00
2.678408145904541016e+00
2.673314332962036133e+00
2.668091535568237305e+00
2.669092416763305664e+00
2.679103851318359375e+00
2.673405170440673828e+00
2.661652803421020508e+00
2.654203414916992188e+00
2.656924962997436523e+00
2.662175178527832031e+00
2.669831514358520508e+00
2.659168720245361328e+00
2.658264398574829102e+00
2.659625053405761719e+00
2.663091659545898438e+00
2.665708780288696289e+00
2.665350914001464844e+00
2.660470485687255859e+00
2.654948711395263672e+00
2.658130168914794922e+00
2.665951967239379883e+00
2.672434568405151367e+00
2.672025918960571289e+00
2.671504974365234375e+00
2.674687385559082031e+00
2.660341262817382812e+00
2.676215171813964844e+00
2.680745124816894531e+00
2.675802230834960938e+00
2.672515869140625000e+00
2.670414924621582031e+00
2.673928737640380859e+00
2.678473472595214844e+00
2.682162761688232422e+00
2.685172319412231445e+00
2.683257341384887695e+00
2.680936574935913086e+00
2.687596321105957031e+00
2.690387010574340820e+00
2.691396713256835938e+00
2.682108879089355469e+00
2.689368247985839844e+00
2.692314863204956055e+00
2.695242643356323242e+00
2.694751739501953125e+00
2.694877386093139648e+00
2.693924903869628906e+00
2.693296909332275391e+00
2.692031383514404297e+00
2.692565917968750000e+00
2.697616577148437500e+00
2.701477527618408203e+00
2.702394247055053711e+00
2.703210115432739258e+00
2.700851917266845703e+00
2.700673103332519531e+00
2.706589460372924805e+00
2.707053184509277344e+00
2.707086801528930664e+00
2.706993341445922852e+00
2.712144374847412109e+00
2.703523635864257812e+00
2.710416316986083984e+00
2.713700771331787109e+00
2.711249589920043945e+00
2.731256008148193359e+00
2.718643903732299805e+00
2.708621501922607422e+00
2.714965105056762695e+00
2.715736627578735352e+00
2.722841262817382812e+00
2.717509508132934570e+00
2.719550848007202148e+00
2.713494539260864258e+00
2.711365222930908203e+00
2.708213806152343750e+00
2.708271026611328125e+00
2.706764698028564453e+00
2.703326225280761719e+00
2.702159404754638672e+00
2.702373504638671875e+00
2.721145868301391602e+00
2.719222307205200195e+00
2.706979274749755859e+00
2.713856935501098633e+00
2.718785762786865234e+00
2.721328973770141602e+00
2.718193054199218750e+00
2.718832492828369141e+00
2.726219892501831055e+00
2.725579500198364258e+00
2.724926710128784180e+00
2.726543188095092773e+00
2.727919340133666992e+00
2.734888792037963867e+00
2.735065937042236328e+00
2.729914188385009766e+00
2.725580453872680664e+00
2.730701446533203125e+00
2.729964494705200195e+00
2.727400302886962891e+00
2.729202032089233398e+00
2.731993198394775391e+00
2.736839294433593750e+00
2.732788085937500000e+00
2.731211900711059570e+00
2.729062080383300781e+00
2.733470201492309570e+00
2.736221551895141602e+00
2.733828067779541016e+00
2.733305215835571289e+00
2.736023426055908203e+00
2.738545656204223633e+00
2.741215705871582031e+00
2.736294746398925781e+00
2.736222505569458008e+00
2.737126350402832031e+00
2.736533641815185547e+00
2.731852293014526367e+00
2.730890989303588867e+00
2.732981681823730469e+00
2.751775979995727539e+00
2.752612590789794922e+00
2.742459058761596680e+00
2.736631155014038086e+00
2.738161087036132812e+00
2.746767520904541016e+00
2.746696472167968750e+00
2.744479894638061523e+00
2.750139951705932617e+00
2.751525402069091797e+00
2.749751567840576172e+00
2.741605758666992188e+00
2.749190092086791992e+00
2.763011217117309570e+00
2.758678436279296875e+00
2.750367879867553711e+00
2.755611896514892578e+00
2.753233671188354492e+00
2.750112056732177734e+00
2.750117301940917969e+00
2.759899854660034180e+00
2.764502286911010742e+00
2.759631395339965820e+00
2.748796463012695312e+00
2.744580745697021484e+00
2.743872404098510742e+00
2.745424985885620117e+00
2.744657278060913086e+00
2.751939296722412109e+00
2.758559942245483398e+00
2.754948854446411133e+00
2.752161502838134766e+00
2.753574609756469727e+00
2.755099296569824219e+00
2.748456001281738281e+00
2.745693445205688477e+00
2.743971109390258789e+00
2.741784095764160156e+00
2.744817972183227539e+00
2.768577814102172852e+00
2.765794754028320312e+00
2.760378122329711914e+00
2.715828180313110352e+00
2.642069101333618164e+00
2.609643220901489258e+00
2.615931749343872070e+00
2.620325565338134766e+00
2.626232862472534180e+00
2.624739408493041992e+00
2.604981660842895508e+00
2.576485395431518555e+00
2.535506010055541992e+00
2.504934310913085938e+00
2.476924896240234375e+00
2.459284067153930664e+00
2.462188243865966797e+00
2.460922479629516602e+00
2.441451072692871094e+00
2.434193849563598633e+00
2.423869609832763672e+00
2.410611391067504883e+00
2.408237934112548828e+00
2.458681344985961914e+00
2.457087039947509766e+00
2.450433969497680664e+00
2.453537225723266602e+00
2.440840482711791992e+00
2.396095991134643555e+00
2.375269651412963867e+00
2.363769292831420898e+00
2.345279932022094727e+00
2.331498146057128906e+00
2.339792966842651367e+00
2.357621669769287109e+00
2.287933349609375000e+00
2.275336503982543945e+00
2.248163461685180664e+00
2.173863649368286133e+00
2.135713815689086914e+00
2.108014345169067383e+00
0.000000000000000000e+00
0.000000000000000000e+00
2.548639535903930664e+00
2.591996431350708008e+00
2.608711957931518555e+00
2.570548295974731445e+00
2.603511810302734375e+00
2.688538789749145508e+00
2.646287202835083008e+00
2.633385896682739258e+00
2.643184661865234375e+00
2.644933223724365234e+00
2.632888078689575195e+00
2.641103506088256836e+00
2.634573221206665039e+00
2.627631425857543945e+00
2.628032684326171875e+00
2.628380775451660156e+00
2.630613088607788086e+00
2.638895273208618164e+00
2.640984535217285156e+00
2.644671440124511719e+00
2.664866685867309570e+00
2.671321868896484375e+00
2.676917076110839844e+00
2.662615060806274414e+00
2.670651912689208984e+00
2.674367189407348633e+00
2.673278093338012695e+00
2.666804552078247070e+00
2.665669441223144531e+00
2.654170513153076172e+00
2.655260324478149414e+00
2.666552305221557617e+00
2.670736789703369141e+00
2.662492513656616211e+00
2.665013313293457031e+00
2.668197393417358398e+00
2.670336246490478516e+00
2.667957067489624023e+00
2.661529302597045898e+00
2.650609493255615234e+00
2.655612230300903320e+00
2.667701721191406250e+00
2.672583103179931641e+00
2.675752162933349609e+00
2.667755603790283203e+00
2.668119668960571289e+00
2.668501615524291992e+00
2.677740812301635742e+00
2.685569286346435547e+00
2.684083461761474609e+00
2.672451496124267578e+00
2.675914287567138672e+00
2.675599575042724609e+00
2.684141397476196289e+00
2.689362287521362305e+00
2.688626766204833984e+00
2.684914827346801758e+00
2.681816577911376953e+00
2.685945034027099609e+00
2.693750858306884766e+00
2.693940877914428711e+00
2.691658496856689453e+00
2.687765359878540039e+00
2.692131996154785156e+00
2.696450233459472656e+00
2.698169231414794922e+00
2.696423292160034180e+00
2.698031902313232422e+00
2.699985265731811523e+00
2.697846889495849609e+00
2.696308612823486328e+00
2.697603702545166016e+00
2.703801631927490234e+00
2.706919431686401367e+00
2.706320285797119141e+00
2.700853109359741211e+00
2.699209451675415039e+00
2.702392101287841797e+00
2.715791463851928711e+00
2.712288856506347656e+00
2.707542419433593750e+00
2.703572511672973633e+00
2.710865974426269531e+00
2.708943128585815430e+00
2.708440780639648438e+00
2.713495254516601562e+00
2.722493171691894531e+00
2.732689857482910156e+00
2.720517158508300781e+00
2.711763620376586914e+00
2.727905035018920898e+00
2.723149538040161133e+00
2.714840650558471680e+00
2.713834047317504883e+00
2.716607093811035156e+00
2.712839841842651367e+00
2.718377113342285156e+00
2.717043399810791016e+00
2.712305545806884766e+00
2.706576824188232422e+00
2.704754352569580078e+00
2.714309692382812500e+00
2.718202352523803711e+00
2.709851026535034180e+00
2.716129541397094727e+00
2.716631412506103516e+00
2.720699071884155273e+00
2.725677490234375000e+00
2.722784996032714844e+00
2.718053102493286133e+00
2.720603466033935547e+00
2.724388837814331055e+00
2.727316856384277344e+00
2.740739107131958008e+00
2.734291076660156250e+00
2.734074354171752930e+00
2.737100839614868164e+00
2.729991197586059570e+00
2.729184150695800781e+00
2.725023269653320312e+00
2.726682662963867188e+00
2.732941150665283203e+00
2.727967262268066406e+00
2.733541011810302734e+00
2.739859819412231445e+00
2.737830638885498047e+00
2.730889558792114258e+00
2.729791879653930664e+00
2.731128692626953125e+00
2.737514734268188477e+00
2.739838123321533203e+00
2.736663818359375000e+00
2.738070249557495117e+00
2.738766908645629883e+00
2.737583160400390625e+00
2.738370656967163086e+00
2.738949298858642578e+00
2.738136768341064453e+00
2.733873128890991211e+00
2.730479478836059570e+00
2.732085227966308594e+00
2.735608577728271484e+00
2.739597082138061523e+00
2.742619991302490234e+00
2.754660606384277344e+00
2.745254516601562500e+00
2.746059656143188477e+00
2.748383760452270508e+00
2.746382474899291992e+00
2.741560935974121094e+00
2.741164684295654297e+00
2.754264354705810547e+00
2.752406358718872070e+00
2.746340274810791016e+00
2.743773937225341797e+00
2.752614974975585938e+00
2.752063751220703125e+00
2.755455017089843750e+00
2.750530004501342773e+00
2.748941421508789062e+00
2.751238584518432617e+00
2.752825021743774414e+00
2.758224964141845703e+00
2.759417772293090820e+00
2.755961656570434570e+00
2.750868558883666992e+00
2.747328281402587891e+00
2.746856212615966797e+00
2.761595487594604492e+00
2.752143621444702148e+00
2.750851154327392578e+00
2.753567934036254883e+00
2.755407333374023438e+00
2.753583192825317383e+00
2.755988359451293945e+00
2.754436016082763672e+00
2.750534057617187500e+00
2.748215913772583008e+00
2.744860410690307617e+00
2.744288206100463867e+00
2.750258684158325195e+00
2.767043352127075195e+00
2.771577596664428711e+00
2.755455255508422852e+00
2.721522808074951172e+00
2.645239353179931641e+00
2.628863573074340820e+00
2.616205215454101562e+00
2.618458271026611328e+00
2.615820407867431641e+00
2.608946800231933594e+00
2.604246139526367188e+00
2.571911811828613281e+00
2.527837276458740234e+00
2.500614881515502930e+00
2.482613325119018555e+00
2.466894865036010742e+00
2.457539558410644531e+00
2.460740089416503906e+00
2.446378946304321289e+00
2.418219804763793945e+00
2.411373615264892578e+00
2.406814098358154297e+00
2.406695604324340820e+00
2.445684671401977539e+00
2.463236093521118164e+00
2.458542108535766602e+00
2.456548690795898438e+00
2.433979511260986328e+00
2.389509439468383789e+00
2.368761777877807617e+00
2.361933469772338867e+00
2.347820281982421875e+00
2.324640274047851562e+00
2.318478345870971680e+00
2.346953630447387695e+00
2.357255935668945312e+00
2.273734807968139648e+00
2.219704151153564453e+00
2.182664632797241211e+00
2.143019199371337891e+00
2.112929821014404297e+00
2.090026140213012695e+00
2.647414445877075195e+00
2.580276012420654297e+00
2.599624395370483398e+00
2.618940830230712891e+00
2.594275236129760742e+00
2.676981210708618164e+00
2.667517662048339844e+00
2.647732257843017578e+00
2.629848957061767578e+00
2.624223947525024414e+00
2.624290466308593750e+00
2.628495454788208008e+00
2.634208202362060547e+00
2.636431694030761719e+00
2.625778436660766602e+00
2.628948450088500977e+00
2.631432294845581055e+00
2.639875173568725586e+00
2.636172056198120117e+00
2.627042531967163086e+00
2.656075239181518555e+00
2.665314197540283203e+00
2.671882390975952148e+00
2.664883136749267578e+00
2.671038150787353516e+00
2.675450563430786133e+00
2.675412416458129883e+00
2.666346311569213867e+00
2.667793989181518555e+00
2.665137529373168945e+00
2.670337438583374023e+00
2.663521528244018555e+00
2.671042919158935547e+00
2.678074836730957031e+00
2.677804708480834961e+00
2.674859762191772461e+00
2.680834054946899414e+00
2.668637514114379883e+00
2.667403697967529297e+00
2.666150569915771484e+00
2.649689674377441406e+00
2.654539823532104492e+00
2.665823936462402344e+00
2.673826456069946289e+00
2.667186737060546875e+00
2.670319795608520508e+00
2.669148445129394531e+00
2.677170515060424805e+00
2.683745622634887695e+00
2.689312696456909180e+00
2.685350179672241211e+00
2.680374622344970703e+00
2.671071290969848633e+00
2.681760072708129883e+00
2.687719583511352539e+00
2.694907665252685547e+00
2.690287590026855469e+00
2.685979604721069336e+00
2.685217618942260742e+00
2.687866687774658203e+00
2.691650390625000000e+00
2.696547508239746094e+00
2.694340944290161133e+00
2.694217681884765625e+00
2.696581125259399414e+00
2.701082229614257812e+00
2.698858737945556641e+00
2.700063467025756836e+00
2.699295759201049805e+00
2.702196121215820312e+00
2.701636552810668945e+00
2.702569961547851562e+00
2.703510761260986328e+00
2.707412958145141602e+00
2.712003946304321289e+00
2.709913730621337891e+00
2.706072807312011719e+00
2.700466156005859375e+00
2.703589439392089844e+00
2.708386659622192383e+00
2.710643529891967773e+00
2.703910350799560547e+00
2.706556797027587891e+00
2.711247920989990234e+00
2.715194463729858398e+00
2.714780807495117188e+00
2.715111732482910156e+00
2.714394092559814453e+00
2.714178800582885742e+00
2.720134019851684570e+00
2.714491844177246094e+00
2.731224536895751953e+00
2.715857744216918945e+00
2.718461036682128906e+00
2.724027156829833984e+00
2.713781595230102539e+00
2.719835281372070312e+00
2.722790241241455078e+00
2.720466136932373047e+00
2.713673591613769531e+00
2.711451530456542969e+00
2.714195013046264648e+00
2.716670989990234375e+00
2.716393470764160156e+00
2.718714237213134766e+00
2.717566967010498047e+00
2.717346668243408203e+00
2.718091249465942383e+00
2.726616144180297852e+00
2.724547386169433594e+00
2.724330663681030273e+00
2.719720840454101562e+00
2.720745563507080078e+00
2.724420070648193359e+00
2.727653264999389648e+00
2.727410078048706055e+00
2.735044240951538086e+00
2.736911058425903320e+00
2.735807418823242188e+00
2.728156566619873047e+00
2.726935863494873047e+00
2.728272199630737305e+00
2.730399370193481445e+00
2.734844923019409180e+00
2.737930297851562500e+00
2.734753608703613281e+00
2.735222578048706055e+00
2.739279508590698242e+00
2.735198497772216797e+00
2.733494520187377930e+00
2.737273216247558594e+00
2.742860078811645508e+00
2.738544940948486328e+00
2.733986139297485352e+00
2.740949869155883789e+00
2.741587877273559570e+00
2.740242958068847656e+00
2.741013526916503906e+00
2.736915349960327148e+00
2.733869075775146484e+00
2.733382463455200195e+00
2.734298229217529297e+00
2.734750747680664062e+00
2.736889362335205078e+00
2.748317718505859375e+00
2.751704931259155273e+00
2.754573822021484375e+00
2.751869916915893555e+00
2.752413749694824219e+00
2.750322580337524414e+00
2.744677305221557617e+00
2.745807647705078125e+00
2.750675678253173828e+00
2.754720926284790039e+00
2.753649234771728516e+00
2.754273414611816406e+00
2.752042055130004883e+00
2.756935119628906250e+00
2.753373384475708008e+00
2.742449522018432617e+00
2.745129346847534180e+00
2.749154090881347656e+00
2.759923458099365234e+00
2.761366605758666992e+00
2.761054039001464844e+00
2.759293079376220703e+00
2.752255678176879883e+00
2.751544475555419922e+00
2.752758741378784180e+00
2.753675937652587891e+00
2.753964185714721680e+00
2.755351066589355469e+00
2.758159875869750977e+00
2.755081892013549805e+00
2.755056381225585938e+00
2.754486560821533203e+00
2.757202386856079102e+00
2.755505561828613281e+00
2.752240657806396484e+00
2.748541593551635742e+00
2.746542692184448242e+00
2.753636121749877930e+00
2.760866641998291016e+00
2.768676519393920898e+00
2.767763853073120117e+00
2.732264518737792969e+00
2.645357608795166016e+00
2.630329132080078125e+00
2.622917175292968750e+00
2.612846612930297852e+00
2.610770225524902344e+00
2.609898567199707031e+00
2.594649791717529297e+00
2.569895029067993164e+00
2.535975694656372070e+00
2.502621412277221680e+00
2.481747150421142578e+00
2.462289810180664062e+00
2.464307308197021484e+00
2.465884923934936523e+00
2.456097126007080078e+00
2.420702219009399414e+00
2.408458948135375977e+00
2.409767389297485352e+00
2.434170961380004883e+00
2.449851989746093750e+00
2.459528923034667969e+00
2.467731714248657227e+00
2.463914394378662109e+00
2.439394235610961914e+00
2.386721134185791016e+00
2.360924720764160156e+00
2.367301940917968750e+00
2.351654767990112305e+00
2.327032804489135742e+00
2.318791627883911133e+00
2.327658414840698242e+00
2.345797777175903320e+00
2.260438919067382812e+00
2.221204280853271484e+00
2.192756891250610352e+00
2.158868312835693359e+00
2.118917703628540039e+00
2.063009738922119141e+00
2.609050989151000977e+00
2.592051982879638672e+00
2.611706972122192383e+00
2.618172645568847656e+00
2.705515861511230469e+00
2.678494691848754883e+00
2.657859325408935547e+00
2.650767087936401367e+00
2.639440059661865234e+00
2.625208139419555664e+00
2.623326539993286133e+00
2.625106811523437500e+00
2.637105703353881836e+00
2.638145685195922852e+00
2.637631654739379883e+00
2.634397029876708984e+00
2.642979145050048828e+00
2.638334274291992188e+00
2.634556770324707031e+00
2.639199256896972656e+00
2.658063650131225586e+00
2.668343305587768555e+00
2.667102813720703125e+00
2.669801235198974609e+00
2.672683238983154297e+00
2.678675651550292969e+00
2.667541980743408203e+00
2.662106275558471680e+00
2.666193008422851562e+00
2.669398784637451172e+00
2.667331695556640625e+00
2.674230337142944336e+00
2.672345876693725586e+00
2.669654369354248047e+00
2.671086549758911133e+00
2.675628662109375000e+00
2.671832561492919922e+00
2.670131444931030273e+00
2.668401718139648438e+00
2.658782243728637695e+00
2.653457641601562500e+00
2.657301425933837891e+00
2.667274713516235352e+00
2.673274517059326172e+00
2.676615953445434570e+00
2.669591426849365234e+00
2.673805475234985352e+00
2.680526256561279297e+00
2.688042402267456055e+00
2.688501119613647461e+00
2.690437793731689453e+00
2.693642139434814453e+00
2.682755470275878906e+00
2.683536052703857422e+00
2.691687345504760742e+00
2.697128534317016602e+00
2.699083089828491211e+00
2.695682287216186523e+00
2.693013429641723633e+00
2.696781158447265625e+00
2.696046352386474609e+00
2.696802377700805664e+00
2.698231697082519531e+00
2.700794935226440430e+00
2.704891204833984375e+00
2.703871965408325195e+00
2.702441692352294922e+00
2.701203107833862305e+00
2.700807809829711914e+00
2.698670148849487305e+00
2.704589128494262695e+00
2.709178447723388672e+00
2.709769964218139648e+00
2.712534666061401367e+00
2.709029197692871094e+00
2.709927797317504883e+00
2.707583189010620117e+00
2.706634283065795898e+00
2.703973293304443359e+00
2.708381652832031250e+00
2.710774898529052734e+00
2.713192224502563477e+00
2.706632852554321289e+00
2.714294672012329102e+00
2.718857765197753906e+00
2.720534563064575195e+00
2.715343713760375977e+00
2.712862491607666016e+00
2.714082717895507812e+00
2.716343641281127930e+00
2.728639841079711914e+00
2.720549106597900391e+00
2.718943119049072266e+00
2.720557689666748047e+00
2.714363574981689453e+00
2.725618124008178711e+00
2.725234508514404297e+00
2.726965665817260742e+00
2.718215703964233398e+00
2.714987039566040039e+00
2.716288566589355469e+00
2.717652082443237305e+00
2.717791795730590820e+00
2.715115547180175781e+00
2.717622756958007812e+00
2.720708370208740234e+00
2.720062255859375000e+00
2.724253416061401367e+00
2.725876331329345703e+00
2.727639436721801758e+00
2.725017309188842773e+00
2.725009441375732422e+00
2.721212148666381836e+00
2.722985744476318359e+00
2.727125644683837891e+00
2.732807874679565430e+00
2.734452486038208008e+00
2.744029045104980469e+00
2.740725040435791016e+00
2.730881690979003906e+00
2.733261346817016602e+00
2.738613605499267578e+00
2.737248897552490234e+00
2.737739324569702148e+00
2.734471082687377930e+00
2.731827974319458008e+00
2.737312555313110352e+00
2.746897697448730469e+00
2.742206811904907227e+00
2.737326860427856445e+00
2.738205909729003906e+00
2.738564968109130859e+00
2.736932039260864258e+00
2.742953062057495117e+00
2.745244979858398438e+00
2.743285655975341797e+00
2.743012905120849609e+00
2.744011640548706055e+00
2.741555929183959961e+00
2.736987590789794922e+00
2.738983869552612305e+00
2.739836931228637695e+00
2.736701726913452148e+00
2.738226652145385742e+00
2.749511241912841797e+00
2.751917123794555664e+00
2.748854160308837891e+00
2.752291917800903320e+00
2.754320144653320312e+00
2.754758358001708984e+00
2.754578351974487305e+00
2.751249074935913086e+00
2.748185157775878906e+00
2.753432273864746094e+00
2.762466907501220703e+00
2.761062860488891602e+00
2.760722398757934570e+00
2.763318777084350586e+00
2.758369922637939453e+00
2.749348878860473633e+00
2.749762296676635742e+00
2.753004789352416992e+00
2.754275083541870117e+00
2.764574527740478516e+00
2.765565395355224609e+00
2.765366554260253906e+00
2.760018825531005859e+00
2.756371974945068359e+00
2.754347324371337891e+00
2.755368471145629883e+00
2.757445573806762695e+00
2.761532545089721680e+00
2.761159420013427734e+00
2.761381149291992188e+00
2.755033016204833984e+00
2.755539655685424805e+00
2.760415554046630859e+00
2.760638236999511719e+00
2.758491039276123047e+00
2.755170106887817383e+00
2.753354549407958984e+00
2.755046129226684570e+00
2.765899896621704102e+00
2.771576404571533203e+00
2.760657787322998047e+00
2.741230249404907227e+00
2.633879184722900391e+00
2.630987405776977539e+00
2.618174791336059570e+00
2.614913225173950195e+00
2.613813161849975586e+00
2.614820718765258789e+00
2.600946664810180664e+00
2.573828935623168945e+00
2.537160396575927734e+00
2.504980325698852539e+00
2.474273681640625000e+00
2.460365056991577148e+00
2.459837675094604492e+00
2.471549749374389648e+00
2.457123279571533203e+00
2.430399894714355469e+00
2.411363124847412109e+00
2.415343046188354492e+00
2.432427883148193359e+00
2.449368715286254883e+00
2.460730552673339844e+00
2.472628355026245117e+00
2.467219591140747070e+00
2.444044828414916992e+00
2.383380174636840820e+00
2.370156049728393555e+00
2.362428188323974609e+00
2.349847793579101562e+00
2.329345226287841797e+00
2.320736646652221680e+00
2.319503545761108398e+00
2.327667713165283203e+00
2.322994947433471680e+00
2.233176469802856445e+00
2.201095342636108398e+00
2.143522024154663086e+00
2.102721214294433594e+00
2.109904050827026367e+00
2.568947553634643555e+00
2.590332746505737305e+00
2.606030464172363281e+00
2.621966123580932617e+00
2.695767641067504883e+00
2.683959007263183594e+00
2.648488998413085938e+00
2.643515348434448242e+00
2.652999877929687500e+00
2.651076316833496094e+00
2.639081478118896484e+00
2.629592418670654297e+00
2.625353813171386719e+00
2.640508651733398438e+00
2.630004167556762695e+00
2.641930341720581055e+00
2.640545606613159180e+00
2.641509294509887695e+00
2.640116691589355469e+00
2.650058984756469727e+00
2.658262014389038086e+00
2.663915157318115234e+00
2.663838148117065430e+00
2.668978929519653320e+00
2.672322750091552734e+00
2.670056343078613281e+00
2.660832405090332031e+00
2.663580656051635742e+00
2.666883230209350586e+00
2.666640043258666992e+00
2.665752410888671875e+00
2.666146993637084961e+00
2.674710512161254883e+00
2.666038036346435547e+00
2.668508291244506836e+00
2.669130563735961914e+00
2.670866966247558594e+00
2.670208930969238281e+00
2.668499946594238281e+00
2.667621135711669922e+00
2.664675712585449219e+00
2.666438817977905273e+00
2.670808076858520508e+00
2.677305221557617188e+00
2.678704977035522461e+00
2.677817106246948242e+00
2.674105644226074219e+00
2.680312633514404297e+00
2.684595108032226562e+00
2.688161849975585938e+00
2.689910411834716797e+00
2.693452596664428711e+00
2.692598104476928711e+00
2.690180063247680664e+00
2.693834066390991211e+00
2.699680566787719727e+00
2.697765350341796875e+00
2.698304414749145508e+00
2.697571992874145508e+00
2.700735092163085938e+00
2.703321456909179688e+00
2.697507858276367188e+00
2.701077222824096680e+00
2.705474376678466797e+00
2.705109834671020508e+00
2.705476284027099609e+00
2.704797267913818359e+00
2.702258586883544922e+00
2.700847148895263672e+00
2.704186916351318359e+00
2.709288120269775391e+00
2.714753389358520508e+00
2.714246511459350586e+00
2.711756467819213867e+00
2.700000524520874023e+00
2.706425666809082031e+00
2.707979679107666016e+00
2.705838441848754883e+00
2.708135843276977539e+00
2.709489822387695312e+00
2.716528177261352539e+00
2.719717025756835938e+00
2.717011690139770508e+00
2.704804420471191406e+00
2.720450878143310547e+00
2.720377683639526367e+00
2.716606616973876953e+00
2.716295003890991211e+00
2.717092275619506836e+00
2.722790241241455078e+00
2.722681283950805664e+00
2.724551677703857422e+00
2.720159292221069336e+00
2.719034910202026367e+00
2.729027509689331055e+00
2.721576929092407227e+00
2.729276657104492188e+00
2.725864410400390625e+00
2.720515012741088867e+00
2.715861082077026367e+00
2.717478036880493164e+00
2.718759775161743164e+00
2.713613510131835938e+00
2.715049743652343750e+00
2.715807676315307617e+00
2.718754529953002930e+00
2.725914239883422852e+00
2.730607271194458008e+00
2.729841232299804688e+00
2.724397897720336914e+00
2.728877067565917969e+00
2.729283094406127930e+00
2.727258205413818359e+00
2.727086782455444336e+00
2.736247062683105469e+00
2.738417625427246094e+00
2.738718748092651367e+00
2.744500637054443359e+00
2.742909669876098633e+00
2.735606908798217773e+00
2.735747098922729492e+00
2.741142511367797852e+00
2.738578319549560547e+00
2.734261274337768555e+00
2.731693506240844727e+00
2.734854459762573242e+00
2.740195512771606445e+00
2.745526075363159180e+00
2.743751049041748047e+00
2.742895126342773438e+00
2.740232706069946289e+00
2.740118026733398438e+00
2.744233846664428711e+00
2.750003099441528320e+00
2.751345157623291016e+00
2.748437881469726562e+00
2.747930765151977539e+00
2.751141548156738281e+00
2.747530698776245117e+00
2.740739345550537109e+00
2.742629289627075195e+00
2.744495153427124023e+00
2.746021986007690430e+00
2.752548933029174805e+00
2.752619504928588867e+00
2.750753164291381836e+00
2.747818231582641602e+00
2.748471021652221680e+00
2.753410339355468750e+00
2.754304885864257812e+00
2.755260229110717773e+00
2.753940343856811523e+00
2.745283126831054688e+00
2.764791488647460938e+00
2.761752605438232422e+00
2.760647058486938477e+00
2.760791540145874023e+00
2.762517690658569336e+00
2.764033317565917969e+00
2.760016918182373047e+00
2.756980895996093750e+00
2.756582498550415039e+00
2.755561590194702148e+00
2.756749868392944336e+00
2.765752792358398438e+00
2.770236015319824219e+00
2.767092943191528320e+00
2.763901233673095703e+00
2.760384559631347656e+00
2.761229276657104492e+00
2.761083841323852539e+00
2.764163017272949219e+00
2.767749309539794922e+00
2.764726161956787109e+00
2.761928319931030273e+00
2.761366605758666992e+00
2.763786315917968750e+00
2.765246629714965820e+00
2.762336730957031250e+00
2.759771823883056641e+00
2.760821819305419922e+00
2.763574600219726562e+00
2.767095088958740234e+00
2.769380092620849609e+00
2.759354829788208008e+00
2.735938787460327148e+00
2.649084329605102539e+00
2.628353834152221680e+00
2.623801946640014648e+00
2.624634742736816406e+00
2.625075578689575195e+00
2.623446702957153320e+00
2.610331773757934570e+00
2.579557180404663086e+00
2.533629417419433594e+00
2.502206087112426758e+00
2.466715097427368164e+00
2.459231376647949219e+00
2.461656570434570312e+00
2.466890335083007812e+00
2.455284833908081055e+00
2.436341285705566406e+00
2.404872179031372070e+00
2.405682086944580078e+00
2.421875238418579102e+00
2.443145990371704102e+00
2.473892688751220703e+00
2.481064796447753906e+00
2.477384090423583984e+00
2.448783636093139648e+00
2.400037527084350586e+00
2.366327285766601562e+00
2.351755857467651367e+00
2.300989389419555664e+00
2.326970815658569336e+00
2.321963071823120117e+00
2.318303823471069336e+00
2.316802024841308594e+00
2.333158016204833984e+00
2.306211948394775391e+00
2.197551965713500977e+00
2.128685474395751953e+00
2.118071556091308594e+00
2.076688051223754883e+00
2.593154668807983398e+00
2.590276002883911133e+00
2.607104301452636719e+00
2.692966938018798828e+00
2.670317411422729492e+00
2.664925098419189453e+00
2.639636754989624023e+00
2.646273136138916016e+00
2.647761821746826172e+00
2.651956081390380859e+00
2.648404359817504883e+00
2.639399051666259766e+00
2.628757476806640625e+00
2.614272832870483398e+00
2.641399383544921875e+00
2.635346651077270508e+00
2.642959356307983398e+00
2.644366264343261719e+00
2.644827365875244141e+00
2.645959377288818359e+00
2.648411750793457031e+00
2.654306173324584961e+00
2.660266876220703125e+00
2.662273168563842773e+00
2.669914960861206055e+00
2.672075033187866211e+00
2.670916557312011719e+00
2.669221639633178711e+00
2.671669721603393555e+00
2.666407823562622070e+00
2.666273355484008789e+00
2.672617673873901367e+00
2.673128843307495117e+00
2.677130937576293945e+00
2.674478054046630859e+00
2.673029422760009766e+00
2.676250934600830078e+00
2.675379037857055664e+00
2.673293828964233398e+00
2.669671773910522461e+00
2.672688007354736328e+00
2.674852132797241211e+00
2.678577899932861328e+00
2.682109117507934570e+00
2.686179876327514648e+00
2.685054063796997070e+00
2.683678865432739258e+00
2.684329509735107422e+00
2.690084457397460938e+00
2.686015844345092773e+00
2.687288045883178711e+00
2.693101406097412109e+00
2.693283796310424805e+00
2.693256855010986328e+00
2.698245525360107422e+00
2.699343442916870117e+00
2.697597503662109375e+00
2.684344530105590820e+00
2.695584297180175781e+00
2.704276561737060547e+00
2.704321622848510742e+00
2.702502965927124023e+00
2.704393386840820312e+00
2.705533981323242188e+00
2.703526020050048828e+00
2.708613395690917969e+00
2.710186004638671875e+00
2.707568168640136719e+00
2.705393552780151367e+00
2.706632375717163086e+00
2.714102268218994141e+00
2.716722011566162109e+00
2.711151599884033203e+00
2.707841873168945312e+00
2.714181900024414062e+00
2.711397886276245117e+00
2.706381320953369141e+00
2.708855628967285156e+00
2.709411144256591797e+00
2.713959693908691406e+00
2.717223644256591797e+00
2.723403692245483398e+00
2.704667329788208008e+00
2.707934856414794922e+00
2.719567775726318359e+00
2.723392963409423828e+00
2.718426704406738281e+00
2.719089746475219727e+00
2.721498250961303711e+00
2.721241712570190430e+00
2.724645853042602539e+00
2.724042892456054688e+00
2.722068309783935547e+00
2.721044063568115234e+00
2.721275329589843750e+00
2.728345155715942383e+00
2.724258899688720703e+00
2.726223230361938477e+00
2.718932867050170898e+00
2.716310977935791016e+00
2.718175888061523438e+00
2.717897653579711914e+00
2.713981628417968750e+00
2.714537382125854492e+00
2.725663185119628906e+00
2.722321748733520508e+00
2.725481271743774414e+00
2.730454921722412109e+00
2.728507280349731445e+00
2.722183227539062500e+00
2.723206281661987305e+00
2.731456041336059570e+00
2.732494354248046875e+00
2.732007026672363281e+00
2.736609697341918945e+00
2.743203878402709961e+00
2.744805335998535156e+00
2.742898702621459961e+00
2.742327690124511719e+00
2.738041400909423828e+00
2.736295461654663086e+00
2.734105587005615234e+00
2.733090162277221680e+00
2.734178304672241211e+00
2.735247850418090820e+00
2.735395908355712891e+00
2.740613698959350586e+00
2.743613481521606445e+00
2.744480371475219727e+00
2.743597745895385742e+00
2.742730617523193359e+00
2.742221117019653320e+00
2.744641542434692383e+00
2.751044273376464844e+00
2.752810955047607422e+00
2.750310897827148438e+00
2.749951839447021484e+00
2.749785900115966797e+00
2.746649503707885742e+00
2.747371196746826172e+00
2.748056411743164062e+00
2.749491930007934570e+00
2.752825736999511719e+00
2.754168748855590820e+00
2.754797220230102539e+00
2.751072406768798828e+00
2.747245788574218750e+00
2.748628616333007812e+00
2.750185728073120117e+00
2.751792430877685547e+00
2.754110336303710938e+00
2.755826234817504883e+00
2.761964559555053711e+00
2.751368999481201172e+00
2.762602090835571289e+00
2.761444807052612305e+00
2.752591371536254883e+00
2.748037099838256836e+00
2.755900859832763672e+00
2.755047559738159180e+00
2.760627031326293945e+00
2.757936000823974609e+00
2.757237195968627930e+00
2.757323026657104492e+00
2.757191181182861328e+00
2.767098426818847656e+00
2.764724493026733398e+00
2.765267610549926758e+00
2.767978668212890625e+00
2.764280796051025391e+00
2.762259721755981445e+00
2.762309789657592773e+00
2.764598846435546875e+00
2.762928962707519531e+00
2.765111446380615234e+00
2.767190694808959961e+00
2.765746355056762695e+00
2.764374732971191406e+00
2.764844894409179688e+00
2.764079570770263672e+00
2.767833709716796875e+00
2.768691301345825195e+00
2.766092300415039062e+00
2.766368627548217773e+00
2.756442070007324219e+00
2.706306219100952148e+00
2.651323556900024414e+00
2.632005453109741211e+00
2.626960754394531250e+00
2.632844209671020508e+00
2.632824420928955078e+00
2.622145414352416992e+00
2.609549999237060547e+00
2.567956209182739258e+00
2.530785560607910156e+00
2.488954782485961914e+00
2.471431732177734375e+00
2.460617542266845703e+00
2.462443590164184570e+00
2.467804670333862305e+00
2.454633951187133789e+00
2.418409347534179688e+00
2.400513648986816406e+00
2.403521060943603516e+00
2.420268535614013672e+00
2.450850725173950195e+00
2.471467733383178711e+00
2.492156982421875000e+00
2.479650735855102539e+00
2.438580513000488281e+00
2.397273540496826172e+00
2.378380775451660156e+00
2.365798950195312500e+00
2.327512741088867188e+00
2.318963527679443359e+00
2.316997528076171875e+00
2.314794778823852539e+00
2.320662975311279297e+00
2.319154739379882812e+00
2.319397926330566406e+00
2.209575653076171875e+00
2.148172616958618164e+00
2.119493484497070312e+00
2.091463088989257812e+00
2.562258720397949219e+00
2.594116449356079102e+00
2.695854425430297852e+00
2.676496267318725586e+00
2.628681421279907227e+00
2.625255823135375977e+00
2.636602878570556641e+00
2.631907939910888672e+00
2.632988452911376953e+00
2.626256704330444336e+00
2.642932415008544922e+00
2.642360925674438477e+00
2.634078025817871094e+00
2.638752222061157227e+00
2.633508205413818359e+00
2.639929056167602539e+00
2.643802881240844727e+00
2.647961139678955078e+00
2.643337726593017578e+00
2.636716604232788086e+00
2.649859428405761719e+00
2.650812625885009766e+00
2.656476259231567383e+00
2.667145013809204102e+00
2.671673774719238281e+00
2.678863525390625000e+00
2.677614450454711914e+00
2.677347421646118164e+00
2.670458316802978516e+00
2.669980049133300781e+00
2.675059795379638672e+00
2.678137540817260742e+00
2.680350542068481445e+00
2.682712793350219727e+00
2.683265447616577148e+00
2.679706096649169922e+00
2.683260679244995117e+00
2.680410385131835938e+00
2.666769981384277344e+00
2.669206380844116211e+00
2.676698207855224609e+00
2.679747104644775391e+00
2.681162357330322266e+00
2.685517787933349609e+00
2.688558101654052734e+00
2.690269470214843750e+00
2.691782712936401367e+00
2.692034482955932617e+00
2.689834594726562500e+00
2.690959215164184570e+00
2.691107749938964844e+00
2.689817667007446289e+00
2.691171646118164062e+00
2.695425510406494141e+00
2.699555397033691406e+00
2.702703952789306641e+00
2.696841239929199219e+00
2.693322181701660156e+00
2.693748235702514648e+00
2.700939178466796875e+00
2.703921556472778320e+00
2.702292680740356445e+00
2.703738689422607422e+00
2.704386711120605469e+00
2.708927869796752930e+00
2.708982706069946289e+00
2.716394424438476562e+00
2.714626789093017578e+00
2.708048582077026367e+00
2.706912279129028320e+00
2.712053537368774414e+00
2.716604471206665039e+00
2.707734584808349609e+00
2.712900161743164062e+00
2.718398571014404297e+00
2.713591814041137695e+00
2.710447788238525391e+00
2.709129095077514648e+00
2.712941646575927734e+00
2.717664718627929688e+00
2.721666574478149414e+00
2.716044187545776367e+00
2.709181070327758789e+00
2.710607528686523438e+00
2.725155830383300781e+00
2.727328062057495117e+00
2.725028514862060547e+00
2.721307277679443359e+00
2.720969200134277344e+00
2.726314067840576172e+00
2.727455854415893555e+00
2.727833271026611328e+00
2.722811460494995117e+00
2.723893404006958008e+00
2.723640680313110352e+00
2.724810123443603516e+00
2.725614070892333984e+00
2.725347518920898438e+00
2.717082023620605469e+00
2.717864274978637695e+00
2.719247817993164062e+00
2.718015432357788086e+00
2.713444709777832031e+00
2.723103761672973633e+00
2.724813461303710938e+00
2.726871490478515625e+00
2.726366996765136719e+00
2.729294061660766602e+00
2.727838516235351562e+00
2.725982427597045898e+00
2.720153570175170898e+00
2.726849794387817383e+00
2.735381603240966797e+00
2.730863094329833984e+00
2.730669975280761719e+00
2.745808362960815430e+00
2.743365049362182617e+00
2.738807439804077148e+00
2.737275600433349609e+00
2.739975929260253906e+00
2.735222101211547852e+00
2.733371734619140625e+00
2.730430364608764648e+00
2.737479925155639648e+00
2.739087581634521484e+00
2.743137359619140625e+00
2.742174863815307617e+00
2.745856046676635742e+00
2.743494987487792969e+00
2.741776943206787109e+00
2.739307641983032227e+00
2.740746974945068359e+00
2.739579916000366211e+00
2.749422788619995117e+00
2.750181198120117188e+00
2.749601125717163086e+00
2.747316122055053711e+00
2.742755651473999023e+00
2.743407726287841797e+00
2.756004571914672852e+00
2.754525423049926758e+00
2.753981590270996094e+00
2.753988265991210938e+00
2.753761529922485352e+00
2.754783868789672852e+00
2.752044677734375000e+00
2.749440431594848633e+00
2.749960184097290039e+00
2.752602815628051758e+00
2.754772663116455078e+00
2.757484197616577148e+00
2.756230831146240234e+00
2.755833864212036133e+00
2.759652614593505859e+00
2.762688875198364258e+00
2.761799335479736328e+00
2.755095958709716797e+00
2.752537250518798828e+00
2.754019737243652344e+00
2.755943298339843750e+00
2.755263566970825195e+00
2.758014917373657227e+00
2.761640548706054688e+00
2.762187719345092773e+00
2.761230230331420898e+00
2.755025386810302734e+00
2.755738973617553711e+00
2.766593933105468750e+00
2.770843982696533203e+00
2.768906354904174805e+00
2.764740467071533203e+00
2.769839286804199219e+00
2.764542818069458008e+00
2.756825447082519531e+00
2.766438245773315430e+00
2.769563913345336914e+00
2.768552541732788086e+00
2.767395257949829102e+00
2.764479637145996094e+00
2.767869949340820312e+00
2.769354104995727539e+00
2.767568588256835938e+00
2.764013051986694336e+00
2.767059326171875000e+00
2.761889934539794922e+00
2.710890531539916992e+00
2.651503324508666992e+00
2.637456178665161133e+00
2.633744239807128906e+00
2.630127191543579102e+00
2.625016450881958008e+00
2.623786211013793945e+00
2.603303670883178711e+00
2.562358617782592773e+00
2.529738903045654297e+00
2.498857021331787109e+00
2.474035739898681641e+00
2.461361885070800781e+00
2.478536844253540039e+00
2.472943544387817383e+00
2.458067893981933594e+00
2.424926519393920898e+00
2.408958911895751953e+00
2.400463819503784180e+00
2.432728767395019531e+00
2.460524082183837891e+00
2.474950313568115234e+00
2.469918727874755859e+00
2.447045326232910156e+00
2.428646802902221680e+00
2.405220508575439453e+00
2.380945444107055664e+00
2.352828502655029297e+00
2.338912248611450195e+00
2.324560165405273438e+00
2.317396879196166992e+00
2.316550016403198242e+00
2.323245048522949219e+00
2.317425489425659180e+00
2.296077966690063477e+00
2.286541223526000977e+00
2.166808366775512695e+00
2.136566877365112305e+00
2.128834247589111328e+00
2.625729560852050781e+00
2.588980674743652344e+00
2.670865058898925781e+00
2.675530672073364258e+00
2.650190591812133789e+00
2.636728763580322266e+00
2.628525257110595703e+00
2.624376773834228516e+00
2.610592365264892578e+00
2.625332355499267578e+00
2.636683464050292969e+00
2.643595218658447266e+00
2.639715909957885742e+00
2.646700859069824219e+00
2.650727272033691406e+00
2.639463663101196289e+00
2.643253326416015625e+00
2.646540164947509766e+00
2.643115282058715820e+00
2.649230003356933594e+00
2.646077871322631836e+00
2.660361289978027344e+00
2.664060115814208984e+00
2.672869920730590820e+00
2.678037881851196289e+00
2.676065921783447266e+00
2.682208061218261719e+00
2.683336019515991211e+00
2.675146579742431641e+00
2.674244642257690430e+00
2.679011821746826172e+00
2.678028106689453125e+00
2.680331707000732422e+00
2.684961557388305664e+00
2.686915159225463867e+00
2.684771537780761719e+00
2.680349588394165039e+00
2.667486667633056641e+00
2.665557861328125000e+00
2.671098232269287109e+00
2.679171562194824219e+00
2.681498050689697266e+00
2.683483600616455078e+00
2.686672449111938477e+00
2.672390460968017578e+00
2.688355445861816406e+00
2.696202993392944336e+00
2.693488836288452148e+00
2.693945169448852539e+00
2.694179534912109375e+00
2.695175170898437500e+00
2.693896770477294922e+00
2.690610647201538086e+00
2.694897174835205078e+00
2.702474832534790039e+00
2.709702730178833008e+00
2.702883720397949219e+00
2.698443412780761719e+00
2.697689056396484375e+00
2.699799060821533203e+00
2.704043388366699219e+00
2.703523397445678711e+00
2.702187299728393555e+00
2.708241224288940430e+00
2.706314563751220703e+00
2.709006309509277344e+00
2.714233398437500000e+00
2.713695287704467773e+00
2.708325624465942383e+00
2.708485841751098633e+00
2.712345123291015625e+00
2.711741924285888672e+00
2.715538978576660156e+00
2.722061157226562500e+00
2.711469411849975586e+00
2.712888479232788086e+00
2.713561773300170898e+00
2.714598655700683594e+00
2.719635009765625000e+00
2.727394342422485352e+00
2.730496168136596680e+00
2.724326133728027344e+00
2.716979980468750000e+00
2.716639518737792969e+00
2.718614578247070312e+00
2.731672286987304688e+00
2.728801250457763672e+00
2.724528551101684570e+00
2.727727651596069336e+00
2.730687856674194336e+00
2.734035253524780273e+00
2.729838848114013672e+00
2.725631237030029297e+00
2.724144458770751953e+00
2.731740236282348633e+00
2.716806411743164062e+00
2.722405433654785156e+00
2.728820800781250000e+00
2.723598003387451172e+00
2.723848819732666016e+00
2.726471662521362305e+00
2.721772193908691406e+00
2.721736907958984375e+00
2.726705551147460938e+00
2.727799415588378906e+00
2.723564863204956055e+00
2.728832483291625977e+00
2.735260725021362305e+00
2.737208843231201172e+00
2.734176635742187500e+00
2.723098993301391602e+00
2.723029375076293945e+00
2.731245756149291992e+00
2.733730316162109375e+00
2.737229347229003906e+00
2.745452880859375000e+00
2.740976095199584961e+00
2.734371662139892578e+00
2.739722013473510742e+00
2.739868640899658203e+00
2.738316774368286133e+00
2.733550071716308594e+00
2.740438222885131836e+00
2.743303537368774414e+00
2.752655506134033203e+00
2.749434232711791992e+00
2.745953321456909180e+00
2.745251655578613281e+00
2.747574329376220703e+00
2.742571115493774414e+00
2.740852832794189453e+00
2.742204666137695312e+00
2.749448776245117188e+00
2.751362323760986328e+00
2.751615047454833984e+00
2.747850894927978516e+00
2.744816541671752930e+00
2.742148876190185547e+00
2.757621765136718750e+00
2.758930444717407227e+00
2.759773731231689453e+00
2.758337497711181641e+00
2.756484031677246094e+00
2.758184671401977539e+00
2.756302118301391602e+00
2.755100488662719727e+00
2.754616498947143555e+00
2.753312110900878906e+00
2.755671739578247070e+00
2.763632774353027344e+00
2.758342504501342773e+00
2.754406929016113281e+00
2.754655838012695312e+00
2.756692647933959961e+00
2.760650873184204102e+00
2.762449026107788086e+00
2.763115167617797852e+00
2.770953416824340820e+00
2.763584613800048828e+00
2.760092258453369141e+00
2.760004043579101562e+00
2.761896371841430664e+00
2.766685485839843750e+00
2.768349647521972656e+00
2.767763614654541016e+00
2.766152858734130859e+00
2.758707284927368164e+00
2.771813154220581055e+00
2.770456552505493164e+00
2.767455101013183594e+00
2.769224882125854492e+00
2.775277853012084961e+00
2.770179748535156250e+00
2.765205144882202148e+00
2.764641046524047852e+00
2.766333341598510742e+00
2.770396947860717773e+00
2.771885395050048828e+00
2.768255949020385742e+00
2.768528699874877930e+00
2.775022268295288086e+00
2.769820928573608398e+00
2.768082380294799805e+00
2.770827531814575195e+00
2.760815858840942383e+00
2.718979597091674805e+00
2.670132637023925781e+00
2.641932487487792969e+00
2.631721973419189453e+00
2.624147653579711914e+00
2.616826057434082031e+00
2.618767499923706055e+00
2.612494707107543945e+00
2.584512710571289062e+00
2.535083770751953125e+00
2.503919363021850586e+00
2.475299119949340820e+00
2.457991838455200195e+00
2.474872827529907227e+00
2.473510742187500000e+00
2.450341701507568359e+00
2.438470840454101562e+00
2.423427581787109375e+00
2.424090147018432617e+00
2.443145036697387695e+00
2.463000774383544922e+00
2.476671218872070312e+00
2.475950241088867188e+00
2.454671382904052734e+00
2.431582927703857422e+00
2.403218746185302734e+00
2.370630741119384766e+00
2.353610038757324219e+00
2.344730615615844727e+00
2.334364414215087891e+00
2.320474147796630859e+00
2.321670055389404297e+00
2.324308633804321289e+00
2.318135499954223633e+00
2.297498226165771484e+00
2.254390478134155273e+00
2.221331119537353516e+00
2.133476972579956055e+00
2.120258808135986328e+00
0.000000000000000000e+00
2.667925596237182617e+00
2.647311210632324219e+00
2.660028696060180664e+00
2.666109085083007812e+00
2.651201009750366211e+00
2.638646602630615234e+00
2.627120494842529297e+00
2.631224155426025391e+00
2.633708238601684570e+00
2.642759799957275391e+00
2.637865066528320312e+00
2.640570163726806641e+00
2.648767471313476562e+00
2.646128654479980469e+00
2.636921882629394531e+00
2.635402202606201172e+00
2.638525962829589844e+00
2.641924142837524414e+00
2.640623331069946289e+00
2.658515930175781250e+00
2.661837339401245117e+00
2.668978929519653320e+00
2.677917957305908203e+00
2.684316635131835938e+00
2.684764146804809570e+00
2.681672811508178711e+00
2.682245492935180664e+00
2.680511474609375000e+00
2.676651477813720703e+00
2.678435802459716797e+00
2.673473834991455078e+00
2.673788070678710938e+00
2.681196451187133789e+00
2.684398174285888672e+00
2.683390140533447266e+00
2.682261705398559570e+00
2.676071166992187500e+00
2.674170970916748047e+00
2.676203966140747070e+00
2.680420637130737305e+00
2.683631658554077148e+00
2.684870243072509766e+00
2.683891296386718750e+00
2.683485984802246094e+00
2.683878183364868164e+00
2.690664052963256836e+00
2.694861412048339844e+00
2.692955017089843750e+00
2.692987680435180664e+00
2.694713354110717773e+00
2.691993713378906250e+00
2.694595098495483398e+00
2.699571371078491211e+00
2.707830190658569336e+00
2.707033634185791016e+00
2.705253362655639648e+00
2.701667070388793945e+00
2.698494434356689453e+00
2.702208280563354492e+00
2.707803487777709961e+00
2.707153558731079102e+00
2.707574129104614258e+00
2.706270456314086914e+00
2.704451799392700195e+00
2.703758001327514648e+00
2.708923578262329102e+00
2.711701869964599609e+00
2.708943843841552734e+00
2.712128400802612305e+00
2.712213039398193359e+00
2.716513633728027344e+00
2.721559047698974609e+00
2.716578960418701172e+00
2.714377403259277344e+00
2.715432167053222656e+00
2.716073751449584961e+00
2.721619606018066406e+00
2.725938081741333008e+00
2.731441974639892578e+00
2.732213735580444336e+00
2.725331544876098633e+00
2.722074985504150391e+00
2.720854520797729492e+00
2.723032236099243164e+00
2.720857620239257812e+00
2.722350120544433594e+00
2.731465578079223633e+00
2.730921506881713867e+00
2.733698129653930664e+00
2.730950593948364258e+00
2.728185653686523438e+00
2.721179485321044922e+00
2.723346710205078125e+00
2.718199491500854492e+00
2.715564250946044922e+00
2.721406936645507812e+00
2.727022409439086914e+00
2.733282327651977539e+00
2.733082532882690430e+00
2.729550123214721680e+00
2.726794481277465820e+00
2.726993083953857422e+00
2.729465246200561523e+00
2.725557804107666016e+00
2.720437049865722656e+00
2.725625991821289062e+00
2.741872787475585938e+00
2.742435693740844727e+00
2.733736991882324219e+00
2.728192090988159180e+00
2.730475902557373047e+00
2.736974716186523438e+00
2.740179777145385742e+00
2.743144273757934570e+00
2.743295907974243164e+00
2.741661548614501953e+00
2.739779472351074219e+00
2.742927312850952148e+00
2.739122152328491211e+00
2.735659837722778320e+00
2.745584249496459961e+00
2.745982646942138672e+00
2.751572370529174805e+00
2.756416797637939453e+00
2.758093595504760742e+00
2.736164331436157227e+00
2.744946241378784180e+00
2.747569561004638672e+00
2.757545709609985352e+00
2.744562387466430664e+00
2.746246576309204102e+00
2.752499103546142578e+00
2.757306098937988281e+00
2.755547761917114258e+00
2.750428915023803711e+00
2.746234178543090820e+00
2.746860265731811523e+00
2.748084783554077148e+00
2.762752771377563477e+00
2.763450860977172852e+00
2.761210203170776367e+00
2.759032726287841797e+00
2.760760545730590820e+00
2.759542226791381836e+00
2.759182214736938477e+00
2.758286237716674805e+00
2.757268667221069336e+00
2.756082534790039062e+00
2.759669065475463867e+00
2.762172698974609375e+00
2.756795167922973633e+00
2.759360074996948242e+00
2.762199401855468750e+00
2.755480289459228516e+00
2.748156785964965820e+00
2.761346101760864258e+00
2.769317150115966797e+00
2.765455961227416992e+00
2.764791488647460938e+00
2.769990921020507812e+00
2.771250247955322266e+00
2.771735906600952148e+00
2.774548530578613281e+00
2.772486925125122070e+00
2.768095254898071289e+00
2.777501106262207031e+00
2.772757530212402344e+00
2.770907402038574219e+00
2.770205736160278320e+00
2.765726566314697266e+00
2.768074274063110352e+00
2.773274660110473633e+00
2.769794464111328125e+00
2.766147136688232422e+00
2.764706134796142578e+00
2.767414331436157227e+00
2.773452281951904297e+00
2.769846677780151367e+00
2.762957334518432617e+00
2.774235963821411133e+00
2.773464441299438477e+00
2.770904302597045898e+00
2.771571397781372070e+00
2.754083156585693359e+00
2.736132860183715820e+00
2.658942699432373047e+00
2.638563156127929688e+00
2.631937980651855469e+00
2.615847826004028320e+00
2.611614227294921875e+00
2.615161657333374023e+00
2.615667819976806641e+00
2.598810434341430664e+00
2.561748981475830078e+00
2.496192693710327148e+00
2.483997106552124023e+00
2.471823453903198242e+00
2.472581863403320312e+00
2.461092710494995117e+00
2.456242561340332031e+00
2.438007116317749023e+00
2.428673505783081055e+00
2.437963008880615234e+00
2.455685138702392578e+00
2.470552206039428711e+00
2.484812974929809570e+00
2.484819650650024414e+00
2.469942331314086914e+00
2.431930303573608398e+00
2.395954132080078125e+00
2.369596481323242188e+00
2.354005813598632812e+00
2.345940589904785156e+00
2.334573745727539062e+00
2.330929517745971680e+00
2.322983026504516602e+00
2.323827028274536133e+00
2.318879604339599609e+00
2.313803195953369141e+00
2.253643274307250977e+00
2.199464321136474609e+00
2.170413732528686523e+00
2.145560741424560547e+00
0.000000000000000000e+00
2.661361217498779297e+00
2.635719537734985352e+00
2.656291007995605469e+00
2.663251161575317383e+00
2.657015085220336914e+00
2.642257928848266602e+00
2.643837451934814453e+00
2.640980958938598633e+00
2.647789001464843750e+00
2.629651308059692383e+00
2.626440048217773438e+00
2.634197950363159180e+00
2.647627353668212891e+00
2.638818025588989258e+00
2.636919736862182617e+00
2.635910511016845703e+00
2.635401725769042969e+00
2.638271570205688477e+00
2.651372909545898438e+00
2.657220125198364258e+00
2.656753063201904297e+00
2.665999889373779297e+00
2.681750297546386719e+00
2.687671422958374023e+00
2.686299324035644531e+00
2.682636260986328125e+00
2.679417610168457031e+00
2.682660102844238281e+00
2.686554670333862305e+00
2.677590608596801758e+00
2.672668695449829102e+00
2.672378063201904297e+00
2.677062034606933594e+00
2.677606105804443359e+00
2.678087949752807617e+00
2.681939840316772461e+00
2.683187961578369141e+00
2.683449745178222656e+00
2.683511734008789062e+00
2.683157920837402344e+00
2.682748079299926758e+00
2.683708429336547852e+00
2.684518337249755859e+00
2.684983491897583008e+00
2.688410282135009766e+00
2.693649768829345703e+00
2.696256637573242188e+00
2.694623470306396484e+00
2.695084571838378906e+00
2.694292783737182617e+00
2.694156646728515625e+00
2.694787025451660156e+00
2.704038381576538086e+00
2.708534717559814453e+00
2.710757017135620117e+00
2.708190679550170898e+00
2.703521490097045898e+00
2.703134775161743164e+00
2.706258058547973633e+00
2.711548328399658203e+00
2.712318181991577148e+00
2.712731361389160156e+00
2.712595701217651367e+00
2.706653833389282227e+00
2.708207845687866211e+00
2.711263656616210938e+00
2.711338520050048828e+00
2.711526155471801758e+00
2.714475631713867188e+00
2.715611934661865234e+00
2.719025373458862305e+00
2.721192359924316406e+00
2.719762325286865234e+00
2.719292640686035156e+00
2.718276977539062500e+00
2.720302343368530273e+00
2.719451665878295898e+00
2.725450038909912109e+00
2.730422973632812500e+00
2.728482484817504883e+00
2.725083112716674805e+00
2.724149227142333984e+00
2.725737810134887695e+00
2.727162599563598633e+00
2.723993778228759766e+00
2.722338199615478516e+00
2.727993249893188477e+00
2.731301069259643555e+00
2.730073451995849609e+00
2.727575063705444336e+00
2.725770950317382812e+00
2.726214885711669922e+00
2.727091073989868164e+00
2.724908590316772461e+00
2.723937749862670898e+00
2.725620746612548828e+00
2.733085632324218750e+00
2.733666658401489258e+00
2.734717369079589844e+00
2.728916883468627930e+00
2.724621534347534180e+00
2.727050065994262695e+00
2.734074592590332031e+00
2.727406024932861328e+00
2.723074674606323242e+00
2.727204322814941406e+00
2.739863634109497070e+00
2.738048315048217773e+00
2.736365556716918945e+00
2.736876249313354492e+00
2.737797260284423828e+00
2.739811420440673828e+00
2.743134975433349609e+00
2.743003368377685547e+00
2.743915319442749023e+00
2.743017673492431641e+00
2.745754957199096680e+00
2.744451045989990234e+00
2.740460872650146484e+00
2.744491815567016602e+00
2.750370502471923828e+00
2.750339746475219727e+00
2.748765707015991211e+00
2.754577875137329102e+00
2.753355503082275391e+00
2.741103172302246094e+00
2.741835832595825195e+00
2.750421524047851562e+00
2.751921892166137695e+00
2.751239776611328125e+00
2.751773118972778320e+00
2.750926733016967773e+00
2.757120370864868164e+00
2.756696701049804688e+00
2.751125335693359375e+00
2.749418973922729492e+00
2.749227285385131836e+00
2.749185562133789062e+00
2.754273176193237305e+00
2.764082431793212891e+00
2.759706974029541016e+00
2.749410867691040039e+00
2.758077621459960938e+00
2.761109352111816406e+00
2.759716749191284180e+00
2.761394739151000977e+00
2.759975433349609375e+00
2.757426261901855469e+00
2.759289503097534180e+00
2.758805990219116211e+00
2.761612415313720703e+00
2.769629716873168945e+00
2.770146131515502930e+00
2.760827064514160156e+00
2.756813526153564453e+00
2.755282402038574219e+00
2.762623548507690430e+00
2.765258789062500000e+00
2.767081022262573242e+00
2.775808095932006836e+00
2.776462554931640625e+00
2.775528669357299805e+00
2.775408029556274414e+00
2.773556232452392578e+00
2.770323276519775391e+00
2.774517536163330078e+00
2.777275323867797852e+00
2.779090166091918945e+00
2.772150516510009766e+00
2.767684221267700195e+00
2.767674207687377930e+00
2.773720264434814453e+00
2.773067474365234375e+00
2.767856121063232422e+00
2.765022277832031250e+00
2.767424106597900391e+00
2.766347408294677734e+00
2.764318466186523438e+00
2.764270782470703125e+00
2.773800611495971680e+00
2.771819114685058594e+00
2.773096561431884766e+00
2.768278121948242188e+00
2.756128787994384766e+00
2.725137233734130859e+00
2.645654439926147461e+00
2.636827230453491211e+00
2.630548238754272461e+00
2.622609376907348633e+00
2.614582061767578125e+00
2.613841533660888672e+00
2.614490985870361328e+00
2.600461721420288086e+00
2.534271001815795898e+00
2.499374151229858398e+00
2.482085466384887695e+00
2.454661369323730469e+00
2.463248491287231445e+00
2.474508285522460938e+00
2.454336643218994141e+00
2.440130233764648438e+00
2.411520481109619141e+00
2.433835268020629883e+00
2.463619947433471680e+00
2.480219364166259766e+00
2.487515687942504883e+00
2.477687120437622070e+00
2.460469484329223633e+00
2.428417205810546875e+00
2.399038314819335938e+00
2.371329069137573242e+00
2.348632097244262695e+00
2.339661836624145508e+00
2.334628582000732422e+00
2.323960065841674805e+00
2.319793701171875000e+00
2.319111824035644531e+00
2.316217660903930664e+00
2.293475151062011719e+00
2.252053022384643555e+00
2.207352876663208008e+00
2.200959920883178711e+00
2.096833229064941406e+00
2.756064891815185547e+00
2.657462835311889648e+00
2.644906044006347656e+00
2.652494430541992188e+00
2.659578084945678711e+00
2.648726224899291992e+00
2.638970136642456055e+00
2.640678167343139648e+00
2.646820306777954102e+00
2.640129327774047852e+00
2.633038043975830078e+00
2.632438421249389648e+00
2.636072158813476562e+00
2.640207290649414062e+00
2.644649505615234375e+00
2.644661426544189453e+00
2.645306825637817383e+00
2.643510580062866211e+00
2.637422561645507812e+00
2.658133983612060547e+00
2.648261785507202148e+00
2.651057720184326172e+00
2.669089317321777344e+00
2.685087442398071289e+00
